13333
44801
486157
1615681
3125281
4219129
9006401
12589081
13404751
15576571
16719781
20968501
24236461
25052527
26332181
27421681
30158401
31405501
38010307
51088133
51733921
67194401
70131053
72379831
92625121
96904081
97924217
117987841
129623917
134176771
143271941
152368133
153589801
161216021
168659569
173401621
174598387
177439061
178837201
188209001
194675041
197239591
201826201
221793391
239142133
241180369
267078169
277332001
287762509
305464661
328402181
359696431
367678981
379270651
379732501
384365827
384824441
419894021
421752893
504623557
516243197
516684961
540066241
582799951
591043771
608963227
611852671
630888481
680860351
683032801
713983141
739643491
740213401
758493601
785190451
844788757
855073301
887795221
891706861
968413217
973518001
977770531
1024289281
1024516693
1034283421
1070941987
1073066881
1082553121
1086444001
1093916341
1125038377
1189576961
1204176751
1269295201
1277461693
1318126321
1427900833
1464568381
1533555271
1548553609
1590564601
1597821121
1632785701
1651451551
1686354757
1833328621
1934350351
1988675053
2016481477
2037732451
2072488771
2097317377
2117725921
2194649659
2197944451
2201924341
2236535251
2239679287
2246725469
2257069201
2301980801
2407398757
2444950561
2460877889
2494465921
2549268017
2669905987
2686816133
2847423001
2868467257
2926383553
2930831641
2960470801
2965085641
3042630533
3054989953
3088134721
3103074877
3121477633
3180632833
3284630713
3285725701
3363763231
3413933953
3434575327
3480174001
3552679187
3789227051
3800306971
3863326897
3928256641
3937526911
3998554561
4106260033
4212413569
4319061211
4373905537
4402674043
4434903661
4448272681
4454864527
4468181761
4550723101
4763932951
4788516251
4849541761
4897161361
4997435521
5010253333
5056949633
5062343131
5161640051
5165497261
5223063617
5282564101
5288187061
5324678401
5375393101
5385832561
5436784981
5583265201
5652130681
5784893761
5804480533
5903577109
5962483801
5989622101
6030384361
6257007751
6264556033
6279809647
6304440781
6315344911
6316990681
6423147811
6635692801
6677230141
6789515041
6992318521
7020294841
7028683567
7044493729
7193838601
7247160121
7293373501
7427177633
7554862957
7579451881
7677878413
7732104121
7737419971
7885412221
7905944761
7988087641
7991602081
8022599681
8246679031
8476215301
8612234401
8652952951
8656440833
8662635521
8667097957
8711318533
8732014747
8865909361
8911829161
9153247951
9229656661
9472954541
9558334369
9591219461
9620716267
9672813701
9789244921
9793329001
9811694593
9841702501
10028287081
10136245771
10255832311
10322837251
10416813121
10637788591
10720323343
10754778877
10961688313
11063184133
11239359601
11683991201
11768552801
11990523751
12069921559
12175191451
12219998341
12808175491
13044597481
13046241601
13182813143
13253453333
13303749761
13411586651
13461858637
13630072501
13671534241
13691148241
13714377601
13946829751
14243597371
14365379251
14386156093
14579415397
14629804001
14863495177
14937354601
14992839247
15670345351
15749841421
16053146761
16303862849
17009333461
17061913441
17075999821
17138399419
17190510961
17195602607
17472856501
17533945553
17930792881
18183870703
18438290417
18505908961
18775492741
18855976321
18925857091
19247514301
19404717697
19412290801
19499075681
19506382057
19751842951
19949576533
20323162133
20463654661
21025440833
21288813001
21515221081
21768420451
22260157921
22271587201
22429025581
22693247437
22785716101
23371034113
23490342251
23562188821
23663479601
23809302533
23967690211
24037789201
24108674981
24339255841
24762988801
25510877701
25518544897
25729252957
25749237001
25832605987
26833525291
27084302911
27363972901
28170240841
28239546721
28388624321
28448982721
28581184133
29146998961
29277837167
29392889597
29400331957
29716672133
29932453009
30188777977
30407220481
30680814529
30768459041
31039357141
31064373121
31142763601
31435649911
31489161037
31550736901
31637428201
31705355761
31873453921
31888604611
31981519441
32306498951
32604747841
32795098933
33007181551
33123773761
33209126521
33903322133
34123560661
34124798401
34464372101
34516547911
34544211751
35104563649
35194642561
35262387601
35357122081
35632918213
35821339291
35834963251
35901682741
36020113057
36159588271
36434474767
36563893831
36634438501
36709177121
36772377001
37131467521
38288120671
38396679361
38527899367
38803826071
38803993621
39024125797
39090515713
39283501681
39399938401
39823697791
39830132161
40039333489
40232837851
40288675591
41752650241
41764915501
41766713731
41818048801
42036858181
42169805497
42312879437
42344570401
42383927401
42638278231
42917440807
42956259571
43055997181
43432233961
43497630881
43820284861
43932684001
44431570261
44599649401
45168755713
45452994989
45983665729
46014720571
46043326501
46199948033
46201460497
46450958401
46454056531
46493311411
47588416057
47648308051
47749028041
47812742251
48016190881
48373407361
48665211263
48843320527
49103982271
49160407141
49320940489
49465865333
49756367897
49866432247
50143586221
50303498261
50784940369
50828813881
50903523841
51057423397
51476019409
51600443329
51735352481
52011834799
52496754913
53166554701
53366935051
53388707681
54308271151
54537897943
54759270997
55314056533
55358060161
55825628437
56388039931
56716190161
56860771843
57598837781
58236531121
58294292033
58462675571
58518587513
58873044511
59168906413
59242754201
59575656601
59723670913
60088089601
60155514901
60288259841
60366712669
60636071161
60672172091
60920001451
61243525171
61367799487
62012579897
62720020441
62720819701
62721117761
62998833241
63194543917
63290192461
63499110533
63727007441
64060242751
64216897967
64489340833
64547414101
64923415921
65180869601
65580476041
65623942621
65632728241
65957154451
66502739101
66652482001
66658844161
66846853261
67242329281
68214236833
68397686281
68707375651
68746876201
69170239711
69272699041
71283894571
71321453281
71526961747
71845163521
71895312133
72325648669
72443975761
72610125121
74036385361
74213211691
74575624321
74699434981
74699724001
74957294881
75058097401
75271908601
76411823041
76599171461
76777717591
76992224651
77149762387
77801300281
78537400147
78851195281
79529294431
80042077501
80152672771
80492384701
80500017487
80710305541
81292586257
81964996961
82614888533
82797328897
82814144533
82958544637
83036886481
83946864769
84190073311
84199447729
84716893801
84967264961
86470393591
86745122887
86935439621
86991296701
87015731617
87020201971
87431822347
87461231221
88278600961
88484483891
88528535371
88696968533
88958252701
89099624593
89377863121
89465134501
89715001801
90238671343
90650430841
91413887929
91443139217
91582769521
91882492201
92589766937
92722551853
92939633791
93382135561
94169971171
94289067757
94679494417
94932947341
95281634449
95296461751
95371568911
96440105521
96695935201
97056029071
97492534321
97507088251
98012410501
98370623521
98385889057
98394912001
98983248001
99022067731
99133299409
99135407449
99203108707
100087549201
100264053529
100286762357
100365488281
100637490061
101098558081
101235580993
101821318327
102323054401
102333558601
102371163841
102439203751
103842001147
104649933319
104668561861
104810658941
105528976961
106972319611
107350425001
108036023197
108614537641
108727870681
109075135357
109625051161
110092915297
110296864801
110894798981
111504723461
111715440001
112240196161
112554641197
112628199001
112641213781
112648164331
113556362851
113659395907
113769628501
114561972889
114732085201
114798670141
114826623031
115093651249
115237024261
115566523781
115718835961
115957445887
116008533721
116528233121
116855440201
117036895697
117355547167
117548648533
117632628361
118858108141
119641221001
119852045633
120032716801
120395987851
121093790897
121202329951
121254376891
121400296921
122209276001
122368803481
122666876401
122849518241
123511901089
124182092341
124810821631
125044733441
125333992033
126434844091
126690522671
126757264061
127008810721
127217170081
127683366451
127804268551
127876275451
127981663897
128824463701
129163223701
129717570313
129971289169
130362545633
131160650281
131482567327
131822471681
132417644131
132706871441
132913910533
132918962261
132982011691
133238790673
133642347781
134330145769
134556746941
134598900833
136770715537
136891114081
137716137751
138503053333
138755851781
139562255641
139700462107
140861820001
141613829551
141938719201
142000939081
142222542401
143046762581
143161847929
143569387487
143886142513
144143384477
144373591207
144636739561
145433293633
145476989101
146330159041
146555167921
147123850721
147702823201
148234414661
148430326357
148689562561
149241974561
150201137633
150250233451
150289758341
150931960201
150931992331
151147772641
151236672133
151955646121
152416259227
152518473451
152619667201
153215167141
153418803361
153593983027
154037320009
154119733633
155114195671
155194999301
155816786161
156585068821
156988837633
157232757241
157299184901
157461246011
158309489101
158559626401
158599611017
159401608939
159498444001
160643306431
160697123861
160737848701
160765506721
161397768533
163969641307
164187439489
165375870619
167778739201
168348194929
168496572161
168892107781
168978969811
170404520021
170713536533
170883076057
171163134811
171317555977
171615172321
171971331193
173155237921
173308213121
173723791361
173727404401
174029847553
174986707171
175774289633
176594085091
176771995681
177293802401
177348746233
178226566141
179329992161
179692623001
180267131221
180613421731
181782034513
183083626501
183695497301
183846968321
184675554001
184881451921
185914248001
186064477921
186579945091
186935563151
187054437571
187787352061
188053784953
189299296033
189519541291
189629983957
190567494631
190592306101
191000184341
192300143041
193156918111
193511679481
193609980961
194464360261
194824538893
196414988941
196740703801
197092474561
197439622129
197730141337
197771767777
199245841201
200307471211
200399833297
201009876451
201269755021
201273711193
201293767201
202461101701
202550437567
203012875801
205116286381
206093423621
207226524961
207542769541
208053648001
208387337401
210679240021
210860540833
211293064693
211724654401
214133749831
215189525167
215858038327
218963599381
219575096501
220246042721
220413068569
220701388771
220789653721
221460556681
221864786137
222690789751
222939355411
223015158101
223253054137
223811390881
226534953341
228168237701
228924278353
228978427393
229848570337
231051189601
231631641601
232927131937
234760841701
235133101477
235323222751
237182426911
237984673921
239438534113
239585302531
240530550913
240824406901
240999515191
241767646891
243088253633
243337676821
244515297601
245670182413
246692100409
247330566181
247680184001
249165946807
249508685977
249784180201
250742482849
250902062251
251531894261
251538028249
251994268081
253174141201
253555643053
254107024033
255499185061
256366121089
256544295151
256744523071
256805256943
257024553221
257182636961
257207232133
257583333281
258208430131
258549747661
259697510827
260268582307
262589304401
262929600541
263078377801
263638272913
263756934451
264560290561
264629216251
264921494377
265039712527
265352964911
265698321601
266745864533
268444376569
268975488601
270894740033
271092009521
272148228001
274106295041
275021297629
275482883737
275559123841
275787905221
277522884101
277851464021
277964686561
278397734413
278575345427
280441706581
281725562041
281986152533
282909921361
283505629501
285455053333
287018652493
287171299801
288041638501
288145539991
288525019597
288535648133
289272533131
289273210201
291733686361
295403067721
296618798561
296830001701
297360452971
298028512657
298797160141
299962568753
300291170609
302242090393
302472030871
302566978481
303415249541
303826884481
304826424001
304856724061
305881737281
307109694781
308260973809
308946340891
309135840133
309513459221
309698637739
311404988161
311664951781
311765658151
312019585741
313591727521
313872069109
314456894401
316389656467
319005004249
319136018701
320436061531
320454854021
320532984799
327005787967
327080903761
328685826673
328926599821
329316034141
329503139857
330290627941
332012988401
332481074329
333265668401
334000333333
334319370001
334549106561
336020853871
336358834261
336430247941
336620062241
337105227601
338615082931
339880620301
340218584641
341503495201
342311656961
343037923801
344733503311
345531091951
346085690521
347138711137
347365002601
347412043213
349775313889
351109873297
351797562187
352078782721
352844791993
353355878791
354617996041
356692739131
356906918887
358117130449
358483291657
359505020161
359665577701
360651689591
362135817361
362726733601
364071395227
365907129761
366437767321
366746021461
368530299649
368620497451
368733032533
368892546907
369288570901
369629309701
369838909441
370143737633
372648840643
373563129041
374475477223
374532452641
375155458133
376446291877
378453665461
378629618401
379137286951
379731109633
382114786951
382346187301
382446966533
382948424321
383089920533
383583583951
383689971001
384101544997
384214738321
384358925501
385439134561
385684572001
390393477631
392366966143
392517049231
392786835841
395458876513
398214876001
399536312033
401679619301
404044138081
404522208133
410558442257
410713113721
411235165351
411575398081
412271592409
413280514153
414261796741
414766837229
416311243921
418305288607
418669111681
418973016601
419145849409
419492734741
419732726533
421034490661
421186510861
422146543681
422719836551
426822949741
427499444791
428060802709
428267172451
429665890501
430238644861
430783836451
431856198857
432690949633
433320894721
433345355461
434182947121
434630336311
435072195361
436126498273
436688248921
436742878657
437214457633
437801366941
438045389761
438659136097
440359489501
441909052801
442666634581
442673716801
443157856261
443596115201
445380635701
446005336591
446060431981
446305833751
446343833431
446563500833
447096086533
448551523531
449712885409
450890496631
451517464621
451742431141
452429710081
453410374099
454315614031
454849417837
456197215781
456759899971
457843381201
458615235781
459190368121
459765221581
460960640533
461609998981
462564914701
462896873407
463632558481
463638609937
463796701061
465234831601
465966404923
466647247021
467204824801
468587221507
469227297337
472251217751
472330817641
472751743549
474131295001
474177763333
475079990941
475753434133
477968473501
481795047343
483598260991
486022245281
486638797633
488567607751
490571170721
496045497221
496392779593
496950008129
500861871091
502244012161
503169285581
504787371601
504897136661
505949468251
507731156551
508720023041
512308504661
512336672191
515404933681
515911647721
516441599521
517087315553
519841093633
520268486561
521181192241
521610084271
522959179051
523546858501
524625209921
524824017101
526468551241
526523130001
527394990721
528245871427
531275866201
531982367621
532018302481
533393153441
534341813041
535160929051
537396116401
537727536361
539151630421
540734437321
542716855561
542760970753
542841883741
543724262563
544253776453
544583075041
546348519181
547618199041
550597555873
550843606021
551275621381
554279726521
554469261391
557442871021
557871923701
557924479201
558155696641
559827072901
564213281833
564280117633
565650212401
567753278401
568888210013
569211777751
570715616017
570801853441
571019248801
572098713121
575266633921
577111634401
577190585221
577434592801
577685689021
578416270141
578545344721
580289260951
580828799701
581053082401
584177616001
588918675013
590312197697
590910446881
593065438591
596658803333
597176048801
597592774201
598977261661
600613114501
601369912441
602742027889
608681232811
611179354241
612526916431
614029053097
614877852877
616230649321
619199997281
620254614871
621077957501
621163206913
621441822301
624321934009
628002811561
628445031397
631205321251
631434877921
631734646861
633676257761
634462696001
635681188801
636374053543
636594660001
637625788801
638361985301
640782580321
641748302837
644341222801
645772370491
647683037011
651246215401
651621521851
652913400833
655625819521
655950916601
656376970219
657829160731
659386048501
659546926501
659937299407
660863411281
661488805489
661647618133
661821488329
662532916501
663069975571
663415495021
664570037381
664801388213
667083534391
667815494501
668628863809
669094855201
670479578501
670666800833
671448392941
672540461633
672598323841
673568644651
676335507541
677030770261
677316819649
678154308751
678307688353
679261600033
679826389861
680785801411
680951895451
681226359661
681404552533
681719179681
681954310927
684992246401
685058184581
687577877761
688529415421
689297780821
689374335601
690107570389
693729387001
694592953633
694892999681
695717433571
697861832851
698235412033
699486038371
700195887271
700802400341
701617057681
703472880661
703814552687
708285016301
708974908801
709957067401
712666532033
714683650141
715921169701
717113004037
719719956821
720394233697
724550377627
725473988251
726574566601
726932156501
727315082413
727436905471
727629023281
727850491201
728157155701
730007045461
732906957997
734910203341
735125751361
735522270193
736796301697
738065370001
743460380521
745389108641
746083497001
746411202721
747359979911
747941832001
753359793737
753816843781
759367229867
765622517921
765774079621
766694016469
766911100033
767389263121
768990717461
769570853131
770464359811
772029243901
772727356801
774558925921
774967422601
776024771761
776359552321
776957786641
777431512801
778454380441
784438512901
784561241861
785684657633
788091628897
790931685781
791995428451
792229084991
794012910601
794199388259
794487520087
794787778711
797414589781
798383500441
799144315201
799364607361
801631050001
801759744451
809894253451
810378608033
811378035607
813656131291
813894207841
815187645091
816107670431
818488711049
822837440833
823198442359
824320996201
826034340511
827018660161
829121423681
831200751811
833755608181
833988962237
836624806111
837373966301
842638521121
845027950231
845418448991
847506661501
849367817761
849715990201
850966445071
851464428151
855534341671
856145391601
856533036061
867720660841
873056724481
874235375347
874604702243
874690268761
880731910801
883840300111
884373248533
884881769929
892025063551
893468482051
893690874649
895445156161
898783870771
900832967191
901248808951
901553415001
906414656491
906586515073
909053864581
910355497801
910476595421
912548487241
915937822801
921323712961
922399766971
922910057569
928346884081
931818976481
932161767967
937171381693
938487541697
938589060151
938639641633
940885380559
942064685873
942324914101
944352306451
944775930241
945000166129
946435089601
946579987081
949036901317
949554310321
949963646081
952149047851
956049533353
956761519951
957007656001
957511664887
958898050241
958947088861
959521584001
961007056441
961257838861
961809124231
962242571401
963141380137
963274036957
964054325521
966775511989
969335273341
973265708971
975495882401
977344096249
977959163611
979976200961
980417743201
981318543211
982573910221
983926024201
985724539801
986308202881
988645082041
988813828621
991746204181
992783518651
994121070101
996803106133
999855133201
1000368605633
1002615085891
1004683384801
1006598325097
1010276365981
1010894310533
1013809851601
1013947096861
1014528715201
1016802985921
1018070578001
1030176280033
1033176531421
1033568472641
1035675126601
1037657755681
1040607248761
1041154132741
1043756069401
1045244213333
1048414726201
1050534184393
1052378651521
1054538630443
1056253080961
1058604549881
1060785701641
1062621762931
1067525687971
1068658035551
1069719033241
1070991386701
1071107105041
1076564009521
1077630276421
1078688923201
1078965847681
1083835333741
1085608226587
1091634982681
1092716564321
1093323798451
1096284007151
1096297694911
1096529736961
1098150021281
1098484018081
1100045763461
1101194779903
1101309141241
1101456730531
1104575800681
1105577588191
1107308176987
1108592513731
1110005093149
1112169045331
1112424356737
1113365263501
1113584747857
1113928868521
1121414775001
1121579066561
1121584845781
1121764579561
1122641568091
1125000848641
1126059933403
1131127907551
1132008625801
1134278974561
1135769551201
1136495117257
1137393180001
1143575452201
1144134345751
1149262646561
1151105638321
1154077752691
1154510665561
1156315790701
1158788350201
1160811237461
1161656075161
1165029164713
1165750236001
1166794016461
1168202405761
1168983954361
1172763102421
1176429925441
1176607267841
1177536725713
1180676178721
1181401995511
1182115915621
1182144902401
1183523182381
1183751254621
1184365428337
1184958935749
1186757303131
1189439498341
1189840835041
1194106953601
1199266914511
1203069502447
1203691330003
1203870301921
1207312316893
1212335876251
1213095481649
1216590370087
1219532834521
1220080548151
1224485903947
1227056317201
1233135821809
1234648209601
1234745622991
1236481267321
1237388394401
1238729739521
1238797778401
1245978129901
1247647112851
1251078815581
1251965605771
1257957880921
1258494054533
1258750551521
1259316877789
1259477327881
1264178697601
1264745106193
1265574597001
1267775726311
1269496038331
1270165363561
1279119958201
1283246849329
1283396650381
1286008655401
1287261982381
1292317708001
1294299868177
1296012049837
1297008171541
1297566258211
1302624381841
1305988997041
1309245418801
1310170810901
1310654598241
1312892248159
1313449016287
1315433545921
1316401122697
1319171843887
1321638215437
1321838216533
1323100224001
1324723278341
1325854528961
1327716166577
1331912764267
1337024507209
1339896899551
1340266839217
1341551678821
1343294081821
1344647727001
1346447513407
1351173193021
1352669590651
1353908099461
1359888251041
1360720146241
1361316381041
1364019150481
1364492306731
1364521438171
1365711124051
1366432997497
1369382585581
1373953858201
1377238147291
1380402460801
1386254216029
1387635234133
1390892958001
1391715047341
1393125033301
1395420485737
1395755998561
1397741663251
1398429940771
1399113422701
1401103523161
1401312706921
1402631389909
1409276449153
1412107393201
1414273150081
1416546079201
1417412691881
1418955923051
1419580879201
1421950447513
1423134291541
1432653038281
1435081525021
1436184483031
1436309367751
1438131606451
1440442096133
1446665220551
1447101337249
1448234357851
1450236881281
1450890540991
1456514076751
1456958235547
1459571760481
1460436599467
1463181383791
1463340758881
1466587828561
1475061866701
1476562347937
1479043652077
1479160446619
1480993678081
1483650744661
1485281485201
1490301421291
1492670276593
1495172667691
1495300140601
1500652951841
1503777767761
1504602319681
1505055998081
1505739907123
1507024209151
1507232548531
1507452784201
1507685506021
1511117640253
1512866355001
1515670115461
1516831726411
1518986202067
1523317923991
1525215125701
1526885464681
1528328607521
1528712187271
1532805563257
1535016633281
1536422845387
1536809601601
1538981523319
1539399145987
1539587742001
1540698868801
1540775908751
1541805754231
1544419578241
1548465925891
1549764437761
1550070355681
1552965922901
1554036697621
1556545578721
1556952901093
1557191650177
1558086225961
1560193115491
1562340981601
1563378403861
1565604665701
1568875491751
1572394907299
1575701337601
1580612436481
1580854136401
1584238270231
1584854980801
1585338842851
1586588769811
1586881324033
1586951145281
1587381120343
1591704199441
1593008079211
1595603380961
1596950958877
1597294818811
1600084288351
1601340769621
1602134888341
1603226279201
1604208937633
1606315720771
1608231429677
1610603555681
1613520604081
1618675193801
1619138814481
1623030685789
1623218247001
1626923508677
1627473223213
1632338103061
1633756159201
1636690331141
1637328794401
1638880340833
1638901560913
1640454324433
1641116191681
1641802887001
1642870856791
1643014444501
1643632262821
1647685300501
1649184974011
1651212070201
1654217874541
1657576034401
1659881173231
1665789771691
1669277566027
1671885346141
1673008247041
1682253492481
1682376894241
1685340595711
1686293856001
1689391765153
1690521926941
1691812354849
1691817617197
1691924896901
1697278546297
1699415260621
1702862389031
1703236597921
1703343927781
1709360784337
1709773093801
1713323040833
1718566960951
1719244925053
1721578622401
1723824709201
1724067988501
1724331811361
1724955825601
1725985481977
1728351073777
1729296376081
1729548726533
1730584078831
1731116249221
1738854207091
1740865628251
1742783481097
1743776633701
1745103419569
1746564988481
1746632743153
1746776167501
1747543451473
1749110254277
1751496742201
1751742045061
1751819386333
1752131895331
1755924763969
1760048927281
1760050462721
1761966445097
1763491705207
1763782873471
1764909962371
1767679935451
1772696687581
1772720361361
1782262261781
1785176965601
1787650562801
1789762025861
1790045195401
1792408884841
1792636095421
1792961151521
1798890029371
1801299834577
1802191942981
1802436143681
1805838947461
1809148725781
1812719866567
1813144015621
1813602992321
1813765864501
1818403641361
1820884899457
1823023998847
1825007708701
1829060501131
1830406732087
1830878426801
1831911037601
1832389976341
1835032747411
1835492554171
1846123435201
1846155313501
1847210572201
1848472052017
1848583941121
1854523157761
1856221278071
1857316936001
1857631016251
1858903385041
1860460130413
1861679612881
1864482605917
1864576501651
1864733248957
1868304184561
1870508236057
1870934971951
1881472045601
1885075479061
1885929385561
1886626553797
1890227914381
1891485756343
1892273627221
1894706564761
1895849226721
1898913643201
1899256333333
1899615276541
1900993614607
1903826385301
1912501522441
1914850547851
1916610826591
1917048201251
1917853400321
1918044535273
1928729506861
1929554492491
1930643058961
1932127891541
1932826343251
1937461387681
1941712238341
1949336621569
1949423874133
1951961851127
1955145709357
1957286489621
1960003500001
1960797015451
1960915835341
1963279414153
1966742419951
1967234162851
1969298990701
1969759619101
1970194878361
1974246443821
1979987903671
1982731176449
1984171054081
1985803068817
1988232142913
1988260148033
1994207200651
1998883155961
2000245376533
2004255052801
2006276029633
2008727356241
2009696833201
2015956850701
2016316597901
2016317496013
2018908387981
2019220985941
2024192664451
2024451946441
2025329454101
2027890255561
2029666679041
2030606255101
2030963316961
2033115223151
2035827597511
2046688605937
2050398466201
2051773797781
2052090086413
2052503122321
2052976734451
2064618962621
2065524037561
2067065923651
2068096817557
2070400134661
2070835554241
2074978393441
2079082170901
2083203178561
2087331916801
2089885143061
2090361218221
2099767402433
2101748801101
2101749903167
2104985733931
2106955943371
2107066922611
2107197953761
2108261166217
2110088097361
2111962297631
2114352436771
2114801068801
2115638944321
2117245173121
2120696828251
2123616278521
2127939731281
2130888323461
2131056472609
2135759574529
2141583792571
2145436328509
2146170062851
2148044133841
2148045754051
2148791991391
2150036008291
2152400632201
2157995998081
2158572020389
2161150642267
2161589458081
2165973668801
2169047139841
2173297217521
2177233784797
2192585073601
2193962260111
2193968992627
2195007725633
2195667566821
2195831725441
2196835190401
2196931418959
2201429696413
2202427106531
2202473770751
2204989942261
2208406464631
2208439325581
2209106776801
2213587630609
2215635971251
2220022650511
2220764674721
2221546280467
2223690590521
2225769339751
2234460026701
2235767467681
2242075704571
2259055013161
2263101164033
2263862762221
2265003904771
2271726716033
2272778568271
2275121750533
2276114624033
2278956318451
2284328082961
2290744907461
2294342260381
2295891605281
2296133709871
2300455483987
2300576823607
2300902020421
2302159760641
2304327795001
2309190464261
2311024002127
2311875913121
2314668898151
2316990198601
2321567007061
2322273892313
2330471021581
2333775011021
2334685841441
2338571611601
2341070924401
2341983206401
2342660189071
2348080583593
2349551605411
2358274006441
2361694471841
2366882022781
2367074331781
2370518520833
2374377534751
2376028873081
2382542263133
2385614950661
2388496595021
2393456486851
2395998279751
2397026275519
2397125284357
2398704422401
2407369026601
2407412817901
2409677614081
2410289061571
2413626076181
2415622082171
2430618923431
2434347594001
2438671468111
2454377339347
2455531315511
2457547825501
2457871464533
2459289530881
2461673178091
2463836439751
2469588920641
2478094495651
2479562303833
2479664804101
2481952114951
2483154037981
2490105547781
2490277308751
2491358017061
2497370185861
2500030237321
2504827828543
2511595020013
2513960423041
2515307886209
2518713194141
2520406049761
2522446738951
2523507041921
2524453409017
2524497664001
2526193179361
2527607918947
2527818044051
2527832323801
2528383608811
2528867233201
2529037872901
2529346521601
2529579711457
2530849140871
2535169891411
2536547259121
2536837431397
2536940982661
2540371055041
2541980269981
2543338212827
2544229972441
2544428288533
2554933515751
2555709777377
2561583711961
2565431785489
2568555787381
2572576162133
2574295902751
2574521185633
2578782906001
2585293221281
2586769517611
2586822907681
2591647418881
2593870954291
2594229662251
2594322784201
2597218699153
2599252531669
2599948890001
2602350774271
2602980174451
2606614286251
2608948611961
2613046166173
2616610753231
2618251655251
2620132416533
2626153886401
2629661751181
2630690257963
2639014009633
2645647489621
2648672267141
2649429350713
2649610173981
2654570425867
2655343122121
2656252114501
2659473884033
2669023753831
2669052271621
2669236970401
2670346488601
2671568000641
2671758205811
2671856676361
2672695073401
2681664925633
2686965881861
2687175097201
2691966220201
2692738176133
2696491213333
2706358122751
2708678128133
2710549994881
2714062772101
2714686500151
2715263732641
2715695192033
2718512659801
2719022004001
2724721242157
2725337207321
2725602326371
2726339357281
2729042050351
2730788005501
2733733421191
2734233816301
2743422393601
2746809935651
2752403727511
2755170000133
2757806436001
2761185398401
2762846507851
2762992799911
2765187354667
2767931562061
2769367644961
2772597045961
2774229327937
2778732896353
2779378181551
2787489521281
2788042242133
2794690280449
2796237660061
2800017392287
2801632097881
2805337501297
2806864038721
2815205398529
2817574634291
2818479264061
2821281244501
2823035500693
2825115605731
2825543485801
2828737994167
2829321470977
2830785041701
2831802045781
2842883470267
2844756097423
2848921664437
2857919299201
2858444086501
2859929124929
2860512078943
2862277969633
2865352222451
2866196180161
2866627159831
2866663549729
2873036510741
2875741879501
2876494789211
2877700059361
2883316554271
2886837598321
2899293716881
2900440013333
2903213488033
2904240599941
2905043948101
2905480459681
2908188778951
2910498377431
2913411344641
2917934398081
2920206771751
2922350154571
2925364528801
2929897876051
2930716187521
2936728230481
2937455331931
2938883244661
2941107710477
2945896285951
2954140234501
2959113697441
2960985132001
2962450778423
2964200100067
2965026582541
2967696620443
2968946576641
2969279053333
2989433566901
2994621559021
2997587784001
2999900401403
3005838838241
3006163162133
3007062226631
3007241093809
3016229657761
3019920781151
3022558247521
3023497470491
3026775478721
3028523478661
3028708543213
3033612341761
3034518361111
3047059113281
3057392803501
3058008498151
3058172116921
3058950932501
3069904503601
3070132190401
3070250515361
3081708912133
3082598564671
3086920466281
3088660185469
3092823280801
3098149914133
3099526719301
3101697353791
3118854440833
3119948314561
3122195599381
3122241085441
3127302580033
3129689783137
3136510134313
3138764006401
3143320675951
3145876345487
3146946896497
3147581094631
3147746868631
3147890846431
3149079853921
3151140658597
3155705563141
3161761229791
3161857431001
3167223540161
3171859598051
3174758677117
3175304780821
3175808609161
3178564864021
3190009152001
3192009167791
3197094640771
3200959815301
3201124448957
3202295062091
3206522006881
3208548966841
3209770971721
3213875809513
3214485349111
3216474249301
3222647053921
3223010569681
3224555834501
3241558330921
3243455502211
3248049773281
3255645848033
3256296941701
3256433448581
3257421209281
3261988781537
3262353624217
3266725195891
3269498983301
3271137049759
3274551425881
3276342525461
3276987865147
3276997218611
3280696197481
3284486673199
3290473225661
3291070787299
3296739965461
3298891408801
3304997273621
3311348318741
3313860711001
3321606008033
3324575346793
3329533771201
3330172521761
3334317072563
3338881445131
3339203750191
3343569579241
3348538584751
3350687728051
3351803289121
3363047084251
3364751541901
3380109850891
3381667039301
3383685484201
3388584756961
3388849685101
3389464806421
3397837360661
3399848466001
3401735079943
3406680344161
3408476353151
3418288730561
3418524580087
3423180486007
3423471003889
3426575292001
3437409627637
3438274729633
3445485083041
3445557328951
3447679343851
3453757933501
3461715915661
3462230219551
3467125666201
3470177522701
3473670573157
3481003394641
3484251519061
3488765087251
3494424207457
3495822744961
3496197842107
3501328989601
3502431938881
3508886585537
3518466824057
3522445885531
3535357211821
3536314545961
3537112420201
3546595388113
3548405747701
3548971188361
3551053570241
3551809431691
3551898081601
3555219550741
3559415206201
3571148486533
3573858861457
3578457871381
3578480620621
3580010349931
3583090285477
3585872821609
3586545354577
3587493568961
3588254713633
3588462322667
3592771575937
3594001714117
3595278777481
3598347120337
3603389348641
3603849666821
3603910664941
3608872839343
3612012162661
3614669701441
3615786847297
3624140954377
3626969032961
3628274865601
3634164875881
3643216408001
3645562674601
3664007679361
3666094481701
3666700296533
3675200519101
3675897416449
3679679089153
3684366048133
3684532643713
3684592125761
3686036168977
3690106723297
3692309517601
3695181811201
3703584217019
3707466610321
3710085369301
3710199376801
3710970968801
3711785144341
3719466204049
3721321642501
3724997927201
3732355280161
3748867338163
3749421240913
3755345899801
3764225989921
3765075955201
3770281412701
3772616616401
3776562240533
3782967622717
3787471682191
3789288392581
3797968670101
3800802670561
3800906089201
3801701572001
3802299655171
3803672267011
3805673409217
3813854440481
3816502456661
3818301560137
3819606070351
3819956578561
3825706173451
3829700403811
3832040129251
3837636817541
3837973004881
3844095702961
3844976841751
3849323252191
3850316662501
3852368916397
3852433389421
3869093158141
3874328520833
3877970455301
3878725359169
3881054478421
3885996928133
3893782495681
3894605928533
3896511207247
3898417987621
3900945944101
3901561616161
3907110631201
3908642445371
3911329000351
3917776584097
3923427779089
3923925182101
3935699888401
3945123294121
3946338040321
3949009673311
3950976995161
3952577230001
3957374131201
3961474214197
3964069142021
3966475539001
3969723053801
3973626709001
3973690072801
3973795279273
3974518548001
3979487365657
3982146091681
3988044773461
3994500954781
3994983409457
3995552410513
3997765312201
3998653186537
4007872416241
4007907591031
4018537656001
4018992892249
4022019474301
4024923703951
4025092500833
4030348339841
4036089111517
4037861046871
4037977185289
4039380252181
4044685150531
4045537501921
4048519854101
4056638584771
4067162706289
4068794274187
4070246733967
4071520760401
4071651700033
4076676284809
4090616578133
4096904423257
4101651832321
4101882400531
4102330123819
4103972075629
4105492113421
4111111989601
4116926835737
4118116795321
4118396905171
4121768785249
4132228595041
4137213594241
4140342941701
4140467854291
4144079579251
4147747380001
4148414008831
4151871234631
4157795283409
4158665834401
4162519070737
4168076507141
4169066682901
4174541217001
4179576471001
4179587501377
4181151733861
4185492431381
4186310047921
4187437959601
4195891634359
4196372031361
4198656282133
4199465511361
4201568113681
4201931144251
4205034221401
4208152979521
4209824566391
4214713446533
4216207040033
4216626367147
4229208175501
4229586954991
4232483109991
4233864125233
4242089777941
4247159496751
4247859005911
4248315284791
4251879165409
4256838910801
4256845934191
4262908664101
4263668500657
4264828574977
4265199898763
4265962129717
4268175295231
4269611860801
4280221228631
4286478520351
4290868025137
4298241803981
4302327577681
4303126225261
4303645153001
4305703048481
4306988014321
4307787842821
4310074507681
4314116970547
4327804093861
4337694998101
4343634448123
4348566870541
4349413084609
4356918540833
4359594298753
4360167989731
4361224775041
4369024873951
4378159730227
4380745240171
4382701836481
4382900830369
4387186830001
4392295895341
4399938867241
4402795179331
4404073919681
4414289660617
4420547301061
4433683564501
4433829556591
4441613562001
4446345394891
4451453875681
4451775700681
4458699699301
4466683643221
4467180843001
4470329742451
4470628219201
4472381365121
4476915802801
4477906216801
4478331960961
4480861224001
4496463096913
4500130768981
4500143323651
4501527106721
4505290574401
4511948813527
4513976386921
4514196859489
4515497820541
4528016675161
4529866793761
4530019109617
4534100965633
4536618694471
4550718230701
4553707266901
4554836542213
4556315283713
4560214127761
4563473246413
4565356224133
4565492311381
4569223947721
4581080723143
4582277185951
4583420055551
4583849805541
4584294415381
4584650437141
4587410074501
4600095005971
4604688614401
4608152395991
4608652554001
4608788232641
4609204700833
4620865360231
4631398290289
4636494509921
4654682640833
4659811010821
4662652785577
4666470667711
4668724698121
4668968352133
4674280012111
4677363205201
4684926311731
4685180287061
4686028344271
4698236140421
4699466314537
4705537318421
4705538185237
4710033893251
4712702510881
4713523423921
4715234104687
4719930900833
4727263628431
4731082848577
4732163586757
4737745826551
4737784134533
4738281795521
4746495905101
4749016645697
4749976802821
4750986011857
4757753366281
4759158263329
4764060083333
4764446674501
4776258358957
4776577339031
4778953455781
4782132472321
4782401284051
4783761820351
4795422218947
4805842649921
4807072970261
4814655824161
4819657683841
4822503296641
4830676928533
4834872936631
4836365670151
4844810728801
4845639141601
4845700474651
4849436916451
4854188819533
4857468444641
4859906614291
4865274306901
4870272736033
4870739467441
4871694776341
4874700984841
4878068340421
4881011976961
4884572387773
4904075421701
4914713612033
4917916046899
4919458569217
4920306112009
4920356799013
4922237689937
4925598005791
4936440176981
4938689293201
4939892459461
4942938652471
4945916898001
4951781985791
4953418003333
4961993303521
4963901079061
4978928247841
4981037846401
4989631077451
4996975623331
5000880259601
5001722382053
5003462692171
5006071749337
5007693218893
5007857675941
5017119411221
5023171021441
5026103290981
5026419018377
5033582432341
5034015804751
5036381029441
5039041917457
5059639754821
5062208277841
5067726973501
5070715973641
5072132923201
5073983982341
5074002973621
5074977224851
5075852417707
5083127458561
5090310154441
5090868229441
5092728615941
5097309994351
5098459503691
5103633899521
5121373803547
5122321495061
5123966633521
5128518608401
5130274270213
5139952147091
5140927038001
5145013008721
5148588596581
5149750927213
5152054815001
5152985541793
5153017860451
5156799564097
5160463976533
5161833322081
5170901936257
5176296905137
5177239153633
5182596744001
5193479035537
5196308310451
5202619996087
5207672940121
5209479523841
5209720656601
5236964172001
5241698828257
5242216394647
5246072779897
5254944240001
5259964505251
5266959800341
5270363181341
5276637672857
5277810435211
5279177515861
5285886329593
5291362897633
5293275500833
5304326637901
5314599589201
5315467831633
5322545285221
5324120886187
5329547387851
5341487450413
5348148280171
5351164743961
5374880600833
5375394603521
5379122657581
5380406078321
5385162680767
5385211303501
5385861325741
5390328269509
5392618645501
5400984774241
5404830021761
5416144810501
5426319533881
5430362800141
5430521757121
5430956017411
5436686419501
5439036063997
5440451900131
5446646944927
5453180762377
5453448524663
5456453336977
5457134786981
5458080796741
5459740740721
5465168313331
5472699401233
5472940991761
5473193081221
5473734009001
5492904040801
5497023312001
5497030181521
5505960625831
5507593392313
5509943451631
5512821304681
5513816951281
5522007779681
5524840959041
5525667579391
5526520971721
5526886526281
5527447418953
5528330649217
5528808367507
5532961083001
5533823247481
5534958402821
5544889329281
5547867542257
5562641354887
5566853701141
5570466869921
5579367478151
5587495219351
5590740574273
5596926177781
5609485020833
5610786034591
5616493851781
5618612455501
5622047214031
5632517765209
5633521079761
5636099093633
5637751241851
5640186261529
5644371900031
5646066249097
5649154124329
5651580251677
5656302093331
5657040212801
5662155960541
5663773877491
5666651203333
5668914865201
5672310309751
5679695628199
5681537111381
5682235794061
5684590113931
5697342743401
5697818293753
5707103925601
5708730100321
5711516524033
5721979109617
5732862013441
5739472432513
5744427999481
5750065099297
5754813500833
5757536898049
5762232393121
5763097616347
5763357097651
5765968850329
5766436322071
5768029008001
5771478989281
5771570809429
5795554983941
5796522402133
5811894495001
5827711031257
5837850026281
5838707398759
5842322573851
5843868267601
5844699100351
5856394709401
5860298058427
5863439469889
5864577878251
5873220355361
5876662873621
5881494783781
5881700568871
5887669902481
5887936093843
5891208820351
5897877568133
5902024829821
5904771279751
5919855308033
5921069062721
5921732238913
5923342967851
5942094863701
5944922863951
5954749666181
5961195326521
5963029558627
5976743418271
5977575170113
5978048330017
5978483689627
5979116670229
5983928862913
5995567818811
6008995481287
6014430453697
6016178949661
6027636751501
6032781519073
6043935263941
6047416611461
6056257012649
6062939520001
6062962296019
6063769049491
6063994652437
6068858116777
6078025815907
6079933657621
6080705622181
6093399681601
6101888311381
6103287729391
6104335865633
6110592421501
6111751219939
6112852723121
6114425408051
6126358050811
6127972143541
6133247839651
6134178686131
6139678483153
6140060095313
6144901389721
6146260336807
6146373864151
6147496586261
6160094425633
6165512192533
6179919543841
6184730099731
6188259483451
6189785663491
6190548306601
6192004982627
6195016212481
6196120514191
6204055443041
6207531410251
6210867696001
6235507278001
6237492142421
6255314128801
6257312186401
6269243118337
6269841973207
6270203298133
6274432164001
6275396084761
6276855178973
6279713868821
6282821261861
6283877110993
6286081815217
6293961296443
6294203463241
6295488719101
6302186953441
6305452041263
6309875701741
6310342449041
6310477790761
6319326028321
6334403267521
6335879773411
6345826498369
6346865443843
6346898942677
6374169070921
6375025326601
6375708868621
6378137668033
6387075555841
6392090527061
6395395372831
6396468628171
6397970655511
6398152599301
6409632741487
6413443168133
6421588054267
6435014323921
6436307777621
6447453209401
6451931474257
6455488554061
6460359014233
6460758885001
6466188767041
6467126798449
6474606522751
6476549859361
6480900342001
6482119357001
6486420727447
6489375517633
6496787696551
6497945807671
6506514126667
6506600643271
6517821641633
6529346991721
6539383086881
6539591982673
6542306710661
6551911915561
6557112038881
6567232682251
6569966477891
6577660498201
6578743965371
6581447441857
6583446995131
6589584375823
6602033610251
6607271037751
6607417677031
6608504916751
6608726421571
6611344299451
6611868007841
6615533841841
6619419352981
6622686056533
6624004683871
6624826146511
6627857603333
6629902442101
6630528437851
6632811267391
6634144583281
6636239994511
6646736389231
6660270200033
6664029764941
6667678655779
6667746120001
6668819562721
6677881522561
6679450561291
6685360744801
6686633417861
6687402465001
6692061055681
6693722038081
6695609669101
6696328366813
6697025849251
6699518099617
6701319552241
6710604209401
6711846267817
6725386478981
6748852349521
6752957135347
6754787261281
6756024567601
6756388081201
6760214501701
6761420253811
6764053307041
6767489219041
6771135076993
6771947812033
6772880949121
6774920090177
6781259989267
6781528264501
6785270421931
6789178718827
6801702534829
6801945555841
6809590944133
6814483307347
6818342441293
6819357254533
6821347546133
6822422863201
6825916650961
6831987739921
6832387119643
6835921700833
6840666780841
6846186733931
6848200517359
6848244905633
6867437273413
6870633503581
6874729335343
6877821193057
6879065127041
6881862724801
6885771960341
6902427467041
6907441810501
6908093619787
6912431602561
6919742291177
6919959239051
6920544845341
6924212019649
6930207058111
6935255192963
6935563643581
6937600691521
6944002967791
6946910067961
6953397329971
6955484474287
6956144322401
6994828955341
6995614566533
6999332963437
7008512075401
7020925312133
7022081893601
7040432057851
7049717735581
7052133020017
7063801172851
7067263460581
7076553364891
7091167439407
7096430988811
7109321144941
7110890223937
7111154893681
7113383270533
7117021867201
7122982157251
7126898975437
7132576529941
7142293950241
7143205909897
7143219163081
7155759751169
7157021493781
7157365193287
7176985620481
7188500132551
7205173204331
7207701416641
7208078625091
7208722226777
7208762076361
7215118730839
7218072512641
7229880211163
7238135685461
7241458153987
7247980680533
7252308627541
7261307039101
7270541277331
7271221220033
7285089900481
7291262157121
7293531973951
7294219464421
7303202597633
7305917696533
7305965306641
7309589492437
7312998050821
7314403290721
7317850603571
7332830708281
7338513057949
7338975842971
7339474618117
7351381513981
7351564366081
7361106814741
7362751420921
7374879506611
7381147695041
7383889856161
7395071287801
7401075067681
7407766562701
7408051020833
7417774048513
7419851432029
7439207005441
7445560393351
7447452123151
7481723516191
7487453983201
7494261932251
7504337876401
7507903975951
7508154860251
7515887813281
7522162663051
7524703497761
7526471056133
7528913117461
7534696864259
7535433670381
7540712557897
7546345511251
7549257357181
7558107513001
7559679739681
7562203705981
7589295436801
7589569684861
7591414267553
7602952827697
7609513691557
7615663694101
7619220910081
7620720499507
7621628930191
7622458489801
7634627213333
7640945776133
7648354074961
7660502337001
7660524160081
7666525052941
7671137018581
7673252301991
7677030687061
7686106997141
7686984982951
7687895082841
7691858053633
7701027098771
7717565250407
7727040447551
7732242141601
7733205431201
7738867633111
7744094773381
7753043254661
7754879201329
7764958231201
7766818577251
7769382738001
7770517776071
7771245421633
7779649160533
7781186695771
7782701962951
7790962733569
7801413925861
7801578227521
7813549789681
7818636065633
7820841714049
7821401956031
7828038924889
7830885826411
7838237499067
7857332003333
7857972889601
7866909177121
7867768059583
7872156333301
7876574615251
7877211630881
7883994947947
7890781338901
7893522095551
7895310754411
7898269215869
7902388525907
7919938265581
7929473781277
7945013241361
7952144612161
7952267433751
7953557652127
7954028515441
7955970286571
7957333088801
7960101873907
7970487883627
7977039065407
7978500464131
7986910433633
7992887581531
7995526625521
7999224213301
7999485662561
8002855590463
8006015763901
8010889703281
8013680566561
8017244966537
8019069600961
8020774077121
8038563240061
8042812338217
8049315338641
8063169171251
8073958495681
8081768170807
8082905874961
8086204562437
8090580962071
8104102480711
8108025590953
8108322691801
8117569182067
8119811257561
8127909436417
8131857818701
8134783152751
8139886730977
8140355730001
8145406090321
8147281726081
8148486125341
8149327088761
8150789931481
8159311453441
8160093786601
8162664566491
8164115365957
8178578488081
8179390924801
8183041193251
8183769399721
8197662855451
8198982491041
8202391785281
8203763368951
8209298340833
8211084568051
8232389577721
8233119976591
8233463883943
8235820278533
8243308051273
8261408359447
8267242266601
8272786738147
8276707372501
8284615522681
8287259402971
8290375688251
8300800971541
8305204098041
8324430165451
8327525906701
8333670948121
8336920569841
8338129829251
8347622545237
8348684798161
8353505526101
8362302632941
8364839453713
8375203932481
8376096101833
8377002880177
8379605360701
8396894072341
8404223457761
8406225812401
8408277429697
8411321338111
8411467884541
8412985969921
8418789932431
8419008492961
8419012435681
8419299291727
8419936780261
8430203369101
8444727025351
8446549372381
8450704152001
8457047683739
8486280515161
8493152335841
8494317536251
8499537765757
8501473012033
8508825705601
8515431629701
8518611387301
8522454330241
8525693594881
8535992479489
8541191723371
8542767147001
8551340800133
8553307637953
8554696337701
8555637431251
8560156136033
8577759849601
8583084639361
8584863236801
8586899841451
8603621915041
8609596304401
8613448518533
8616720224143
8626927530373
8630606020111
8635600160287
8636118436051
8642651600833
8649193274551
8652972640861
8658606945301
8662460134681
8671774594267
8675049096001
8681094749251
8681793690961
8703556406533
8715348498241
8716403982497
8719058844427
8728266072151
8735037302021
8740052294581
8740624114081
8760897014101
8767978152961
8775957409921
8776534470881
8786522128231
8788031320771
8788827466817
8802908293121
8803175520133
8806629280261
8814073613333
8816536124857
8819874969221
8825492993633
8826531649157
8831977552133
8832912290413
8837658279451
8842360587121
8843457876571
8856836681941
8866228308451
8867901820961
8880084280621
8881601486761
8887333480747
8900082958681
8902027071901
8903184919201
8903630181601
8931163629277
8937545586821
8939605054771
8946202546711
8950873287991
8967025962091
8972376233861
8976174377633
8997629246341
8998813852033
9013104231553
9017154004801
9018870848857
9023366065561
9030056552527
9033421486321
9036980308561
9042928253633
9044702872201
9045886940641
9063883279981
9066444409601
9066693548827
9071503108001
9075043669753
9076154106241
9080614691461
9085071588097
9092101857301
9093392533387
9096969560461
9100289018839
9102456179281
9104732694251
9107554850209
9109625682601
9109909665401
9110765893633
9124273561201
9130015200833
9140127559111
9159266374441
9162155392477
9162219414661
9166347037441
9166371852001
9166735570513
9168367913011
9181475947801
9192277830781
9193759274701
9193871104133
9216317762737
9221126798413
9226783432441
9228005330221
9236623170781
9238409923621
9241738737661
9242200820161
9254644188841
9256270970401
9257997014731
9263413010881
9263611092997
9265006341361
9282941401801
9291487423681
9294071155201
9301163490361
9303996085147
9305514831097
9306081007471
9312461525377
9315588353633
9325099569241
9328614659101
9329931128521
9332323890667
9335480729401
9349194474847
9353772470701
9360865437841
9363587394841
9366949569181
9377108868581
9385554584017
9393153813037
9396328349633
9400786192351
9400870317781
9403229969561
9429387401741
9430404418657
9430657920133
9437403643361
9438255010081
9439340558341
9447634047601
9452253258901
9458953364257
9469871488171
9470790117181
9479535351301
9494857048321
9505335280481
9505416950011
9506026726309
9510594947587
9517659377783
9517728205441
9520891961881
9530900938153
9535533241501
9545484346147
9555276662101
9557975325799
9558072978301
9568504583507
9572073540137
9575632874501
9576707630491
9584324187301
9591075169541
9592983978701
9598777697251
9599057610241
9600239029837
9611661376801
9620873165611
9629307847801
9630087107761
9637724857771
9641940084811
9647928157501
9661703777497
9665888320901
9667804154401
9669011843041
9683086846051
9691273880641
9692215736113
9694388200351
9698729576461
9698882170513
9714994150097
9715855742011
9717199401761
9717804124033
9719029863091
9727111045081
9733197926881
9744441494131
9749253978133
9757649577601
9763612160401
9766719204481
9772803972361
9775410262507
9784676210401
9790867432801
9800655426721
9812060981251
9813431269531
9822000733921
9824507769007
9824893598521
9829652578021
9842160100051
9850292293087
9851735353633
9859500162181
9867854431921
9870538081951
9873579521737
9896255862533
9896273300521
9897781568533
9904120394101
9905461260193
9906411601747
9912051414721
9913367717821
9913898712061
9918564664961
9926697956029
9933318757441
9939784568033
9942377445001
9945717490171
9950247246001
9956754159101
9961363082881
9969182653501
9975320607001
9976783182211
9985227460129
9994519396051
9997601283181
10000655170351
10006286776111
10011138318721
10015605391177
10031264705881
10034739388801
10038253352221
10039665270931
10063359900833
10066287039451
10066546992133
10068789248341
10078354614721
10097048021017
10097738527141
10100268097151
10106196945941
10116835190221
10118510155129
10118887285781
10124234476753
10126626815341
10133731135609
10136845105201
10143067908601
10148145264401
10152835855471
10177001194951
10179349489891
10184378398921
10184857501201
10187201990701
10187620753927
10189075317121
10221228250133
10241394614533
10247448399361
10274746047361
10278675481231
10289877821731
10297521513221
10297903146301
10301324749561
10305793638533
10307361840557
10307795458133
10323382655251
10328219026489
10335847240951
10343718915307
10346292007507
10347768226081
10349486085601
10361269248301
10373003852401
10375476984181
10378328025451
10384566800833
10397361126001
10398536512183
10400911246351
10419316853251
10423031872177
10441204366867
10444935020833
10448185109407
10460457746821
10463787262297
10467293190881
10468946400001
10475962231201
10485795976261
10494748706413
10502818668427
10504871902981
10525023829633
10527833602133
10527996464641
10539741706787
10558581750811
10572304514329
10576411732801
10590915879941
10601763728641
10604677272841
10608639846481
10609928034751
10613967120961
10623036426193
10623475470961
10628730884071
10631774085661
10636554993601
10637368282133
10639467691777
10644781762891
10647941475943
10650759873013
10650945212161
10656416727073
10661379108101
10678304081017
10678753611181
10686758039101
10688926677713
10700392108033
10701190390801
10703129467681
10708645220467
10708767016837
10722109087009
10724956897681
10728277531777
10746175232801
10753628483011
10756407964051
10757467480621
10764828805967
10769558167061
10770052726441
10774759834873
10781434551889
10784391847381
10787631929101
10792799203033
10793171363333
10797869117881
10807788999701
10816000496731
10818609646501
10823976625351
10826503478407
10827606532667
10849234280041
10856722864261
10856817978751
10859773581901
10861746543691
10865275646689
10873511208001
10876245931153
10876973967361
10879440161761
10884262541297
10889894582533
10895679169381
10903030359481
10903252844233
10904280100561
10904427425317
10906354140193
10913827264081
10916695841131
10919156189761
10935932331521
10957017513601
10960345486201
10984647720511
10989156471301
10997406127189
10997836396571
11022649893091
11036366246401
11037300392341
11038629792961
11041702485391
11058094501741
11061408674861
11066927429381
11071719189721
11073865979041
11075089242857
11075156252161
11077056258337
11084273447677
11108941608013
11113830721951
11130665818357
11135158396291
11137928010301
11140804484173
11144776202929
11149931581441
11151098592481
11153752970131
11157344464001
11158285708417
11163964059841
11167923172321
11176398464533
11178251482133
11189033362501
11191872419443
11192323065661
11195670758221
11198160386407
11202498269839
11203622320351
11206835844751
11207108864033
11217153925381
11221759677913
11246585585311
11250279001729
11250877595401
11252705472277
11271273013001
11273806024867
11282971082101
11288929369537
11295999798533
11297431837807
11297887708801
11316149073811
11324309225633
11338448325751
11340714044537
11349204597727
11354212145641
11365870215871
11366406699463
11368198628821
11371306136581
11399364682201
11401433130241
11407867220801
11408847687601
11424866500201
11438252698133
11440943300251
11448980993971
11454436750681
11464777537921
11465864684353
11472957632533
11479508894701
11480350940833
11482597608301
11495569222591
11499614386423
11502783253369
11538288744533
11540406880133
11543134021777
11545938484033
11554807687021
11562184603201
11601182057747
11610740276521
11613672435461
11616283768321
11616587847437
11616978443041
11632993668661
11655923721751
11659758563861
11666895315643
11669412507751
11669747750251
11673874924039
11678431653281
11678810476321
11684114644001
11685677708801
11688776352667
11689393365541
11692584789931
11695982342021
11701000633141
11704508514817
11708862566401
11720433931361
11729153779201
11733501321361
11748664160473
11757503808781
11767510101601
11774651794951
11799020550871
11799897737761
11810277607501
11826781648481
11833636120027
11835360999661
11840654771137
11847153283813
11850837974977
11857870361621
11862935558251
11864752545713
11876381523151
11883112314391
11887789925089
11909159400601
11927996336261
11939795701633
11946547656961
11954642996941
11968676867071
11976931097633
11982431408641
11987177969341
11994271864081
11995568409221
11997462533491
11999573145629
