218791
1024651
2508013
4128703
4224533
5148001
5444489
7519441
8095447
8595361
9835541
10024561
16778881
48304481
55462177
64774081
67653433
75663451
80918281
114329881
117167821
146843929
165283471
180115489
196049701
201261061
206955841
208969201
253158751
254433691
260963389
271481329
273769921
289766701
300484549
302204033
311076001
342974521
394689371
417767201
428758201
440306461
462199681
470000833
481239361
488104681
490518181
533600033
542497201
545363281
547652161
557795161
571460977
611852671
630997501
643316461
652923521
685903681
686059921
691472071
732736621
759472561
814056001
829512001
874193891
884584891
895489757
897283213
922845241
932098133
993885751
1005402133
1025529649
1054395497
1058989231
1070063191
1132897351
1157839381
1180398961
1193229577
1200778753
1291412431
1295577361
1309382713
1312332001
1312845661
1413112411
1501011001
1557305371
1597009393
1648290841
1686354757
1705470481
1709909293
1718769241
1760706811
1825568641
1877445571
1889528033
2085790789
2086236181
2140699681
2174166881
2184744451
2203663621
2217879901
2332745029
2347597981
2350043767
2367379201
2493698131
2597928961
2677534721
2724552907
2766403333
2894667781
2911934287
3030758401
3044238121
3077122133
3077802001
3147615451
3244976741
3261194581
3313196881
3347214421
3377551171
3398362291
3446328913
3563551991
3651826091
3652672789
3682471321
3696368141
3955054027
3998275849
4018933249
4160203213
4187906581
4331240033
4488579361
4531094761
4627410481
4675440001
4716371269
4767388399
4794408401
4954016033
5012817001
5067134801
5127152161
5201474701
5251228921
5255104513
5353268851
5444826481
5544539801
5607302251
5627961281
5631899131
5694211847
5718761441
5803377841
5816382001
5823450613
5955597793
5957118553
5957562817
5963185801
6112596841
6263778151
6268735621
6341801131
6398516101
6558557633
6585517121
6592518913
6725854171
6728686849
6754829761
6805088641
6916775113
7043070901
7221796471
7395894631
7483290949
7509803201
7558388641
7602949201
7875009451
8044161481
8405451601
8429407561
8447739301
8656440833
8801128801
9055663501
9135775351
9167487781
9302626609
9385501441
9451955221
9507304847
9569861057
9692588089
9719886881
9789244921
9796578497
9834148517
9967476487
9973625581
9998489621
10038710533
10183433041
10218575821
10360237117
10519630507
10564157563
10690315651
10884247111
11239359601
11315001601
11485444141
11513638081
11622254491
11659868767
11734359787
11796834817
11837969203
12467341477
12561309967
12770750449
12957521671
13287772321
13306946401
13571991841
13580023681
13691148241
13717944913
13737974251
13771609741
13823096801
13921380091
13941719381
13997885701
14085239101
14130344131
14243597371
14318761843
14365379251
14628126961
14750723681
14795698231
15157389061
15226094413
15418599211
15749841421
15956646421
15966154627
16066911121
16136085169
16200270001
17217966697
17784267257
18111136681
18151032901
18271359541
18341341061
18364805761
18408654001
18443608861
18511099201
18721314049
18734021281
18860045101
19742849041
19887974881
19984303081
20155603333
20281416193
20906341921
21129856021
21236936033
21276028621
21431941633
21535678081
21600670801
22152238421
22417231411
22523600449
22629114901
22653043201
22659266521
23074220801
23229336961
23687756413
23700818233
23707055737
23890106087
24031108001
24285378001
24596096533
24725538787
24954114241
25344505369
25923026641
25968826181
26349241141
26366735869
26455818439
26592331753
26883951337
27204296437
27332576057
27389945881
27455190571
27712159777
28294940833
28778297861
28792403333
29115581221
29230783639
29349959941
29364019777
29831840191
30001600021
30140403481
30243610711
30407220481
31572072533
31708797121
31797754721
32019894901
32132386661
32604747841
32648138959
32867609041
32875945147
33034360741
33266121901
33284805121
33344336161
33511551061
33620712581
33699117817
33717240721
33983171197
33993902681
34139236951
34408445581
34485026131
34685620201
34829786881
35204500801
35407402801
35425091521
35458867177
35805281401
36277011457
36277254433
36911513941
37036090967
37168482961
37359187867
38050243681
38069223721
38121748471
38920918501
39118091401
39600024049
40282205633
40539449161
40588436773
40721410133
40987480801
41265523657
41460506881
41624548813
41901270913
42271124941
42304192981
42311901241
42638926201
42892806851
42984748801
43053724033
43448066371
43536545821
43614156191
43786260001
43833505633
44087127211
44503620721
44994112021
45853625221
46983845611
47469875461
47629787761
47688616801
47749028041
47815152661
47985176251
48172019101
48466764811
48663290591
49021698601
49778109281
49952808751
50029645681
50068623529
51471148961
51976738133
52937539051
52951546693
53265809521
53489947057
53917204771
54015554113
54221272513
54323312089
54813887461
55085941081
55501919351
56163518209
56771526241
57635618041
57868530301
58318467481
58728000241
59775613633
61631176321
61978150081
62998833241
63369224101
63520062341
63982604071
64110686641
64390318201
64441845781
64747624901
64951828831
65158646617
65295706537
65844249409
66400286221
67352390731
68027724451
68546789191
69170239711
69198467101
69403251961
69994934461
70548926581
70705785281
71250292741
71311860283
71372400661
71430713857
71736792487
71961952177
72291997367
72649667971
72799309441
73487592361
73626980281
73831851601
74149689601
74699434981
75219233251
75305109611
75682642681
76319742721
76778776801
76871793151
76940276401
77697411301
78851195281
79109272081
79792734421
80079997921
80104634191
80152672771
80313963601
80531349553
81112332421
81291846247
81671161001
82969730821
83374532551
83395669211
83757954061
86472018751
86472500401
86895092521
87818136451
87897803077
87948809101
88686024013
88882344631
89760310921
89854763689
90495831037
90743529493
91120328707
91920465001
92437591681
93364495381
93842160193
94169971171
94212160001
94328683633
94658617873
95413239361
96944726071
97903788751
98273237041
98938585621
98999116201
99036876751
99477922321
99527514181
100171990651
100474577017
103077311401
104070030121
104379490351
104638639841
104646381841
105033742309
106184866501
107274156481
108647806177
108767582533
108783836461
109082302561
109261809847
109625051161
109627201441
110054633347
110350979461
110653851961
110894798981
111641773081
111844856593
111854333761
111912710401
112401857941
112458628801
112722612161
112809143233
113937000841
114654168091
114889084129
116132474501
116210928151
116355401857
117173483209
117228193633
118069570711
118186481089
120871699201
121182096901
121535099731
122394470941
122721231331
123141568421
123696840961
123853391551
124766648371
124810821631
126073043011
127106200033
127674547001
128348368513
129787840033
129850578271
130384717849
131372590981
132686258251
134502078397
135398452771
136274104891
136690844947
136901298691
137242258561
137260485601
138995493433
140041543951
140179804951
140878664641
142136333333
142564394281
142868634133
143993875957
144140843449
144986310721
145024244641
146076037381
146386012033
147445616521
147871972951
147979696231
148264786001
148600530541
148657798801
148667388481
148972741009
149135550481
149268183041
149735497927
152392039301
153414514081
153688467241
156391140937
160156004321
161195226701
161944736041
162553471471
162573516001
162793035901
163040354929
164062235431
165581648347
165849093697
166371539977
167031307171
168281473951
168811488583
169083627481
169308061781
169922055241
170246082721
171261826561
171840458497
172676161681
173836670437
174747782971
176408850421
176514387841
176771995681
176962430851
177873185101
178081596001
178451785441
179165730721
179236611841
180577362241
181265834881
182125081861
182241262057
182575089841
183402954901
183800754451
184674865411
185839691861
186162394133
186512304161
188704446001
188778970951
188991956161
189350543621
189806047201
189938879681
190848820741
191181899861
191591075681
192486236491
192746305441
195230838391
195918429701
196654332577
196942292101
197439622129
197673925177
197997603121
198641776481
199434812851
199434854623
201067721011
201123815807
202592540611
202767613357
202926178561
205245085781
206320577737
207433371151
207931812481
208053648001
208391257081
208647794701
209409003541
209542798081
211112254729
212080777301
212135901841
212342486533
212448670561
213100301761
214750077701
215273725633
215289798533
215898726241
216701111801
216790817761
217207393651
217974816073
219450162181
220701388771
220903321633
220975644101
222430376437
222986119861
225808246093
227281113109
227647828321
227890290961
228137628421
230705850497
230861144251
230983470721
231440115271
232775340841
233272845361
234698929921
234821638211
235194996941
235820678941
236496501781
237014402701
237645204617
237802699261
238854083333
239042357201
239709918601
240874564321
241053250181
241585937011
241628313301
242903050921
242944807841
243471082493
244654496893
246949847761
247320860437
247330566181
247367097601
248809746331
248915464471
250876373921
251266610081
251415715921
251449278341
251599801207
252761566501
253231626451
253454357381
254302215553
254376013061
255666238777
259133867017
259824520961
259930019231
260425966681
263240050081
265195850977
266245146133
266724927361
266752881601
266792383681
267218401301
267253670251
267342426001
268394980501
269510566009
269574091627
272129381921
272147400721
272854727281
273369936911
274630538881
275026168801
275073286363
275248441201
275559123841
276010754671
276679843021
276848080321
277440927457
278024428837
278952399181
279287243509
279609610351
280083629701
281971587241
283189457071
284183258129
284236611121
285007793041
285695708033
285986707117
288030640057
288998774191
292771803169
293219271757
298263619811
298579583101
299553718801
299579410873
300186836237
302153874067
302472346933
302550235417
302783041177
302877393761
303774314227
304886292961
306443088001
306811218001
307320830407
308894918081
309087848161
310514054761
313154982533
316505907541
316881318811
319046108401
319126685921
320831473541
323079557257
329245587161
329949356311
329985846433
330290627941
331854432601
334000333333
334319370001
337103836651
337228557121
338050654801
338408942257
339073611193
339472756171
341177053897
341817138433
341899583581
342386262131
342644217931
343389662281
343709665201
343903822081
344669510813
344890907521
345205224001
348981249961
349749259757
350446536217
351153411841
352253541433
353355878791
355286832841
355983609871
356648434561
357030661513
357084105841
358943658401
359126968033
359505020161
360111204001
360350835211
361790309161
361860642343
362195518159
362742704101
365807548801
367517223811
369957172201
371782219537
372597499513
372791310341
374162982481
374190616801
374305413121
375799474117
376105945951
378712350451
378946595809
379227496961
379409339431
380345729401
381410805781
381460841137
381988004971
383702064121
384109909921
390941666191
391184504569
391602949081
393474535651
393740711101
394006976551
394593077341
396725435713
400333127401
401655149281
402264841921
403760300131
404028832901
404641191841
404733638401
405817413121
407347635949
407598178681
408630613333
409064750981
410963139901
410994572801
411235165351
412654418947
413400593383
413785035751
416311243921
417681091171
421763826961
422726078377
422790496133
425163008047
428678525017
429241504807
430444924561
430515292481
432081216001
432339802021
433749849497
434250956641
434977236541
435542100841
438807211837
439106536657
439601372851
439623297721
440574238081
440749939681
441371043013
441716088997
442848452237
444064781161
444676540001
445534555177
445638020833
446712107407
447885244801
452146771441
452429710081
452478467047
454088638081
455791581701
456157510001
459572555521
459765221581
461083501849
463050581311
463166069491
463638609937
464221563217
464842989451
467204824801
468354029551
471405624301
473158602157
473634166321
474508370593
475079990941
479200333333
480123073081
480593550601
481858041601
485069314133
485735431301
488056200647
489307594777
489398301811
489843555521
491051145313
492032880901
494199010801
494237306881
494576288641
497389573841
497980822249
498659296951
498698640833
499780315189
500607956951
501090201067
502063624891
503750749633
508274962081
511202198413
511204658689
511458063481
513552074113
516145750561
517085007211
519612107701
519614939593
523075577473
523607313421
524310016231
525478050541
526401100891
528929554561
529855001521
529916079421
531032151937
531275866201
532786805443
532808961847
533156420161
535551954211
537834858881
537937073987
539304256261
539326726489
541366606801
541397811169
542091930661
542760970753
544719034441
545571641161
545784191371
547792015051
549558848021
550144511621
551188576711
553528815841
553710481747
554469261391
557442871021
559127867461
560551484431
564037768081
566127456133
568116148861
568330838099
570264925553
578799062731
579320094601
579772271431
579805813621
581337465409
582254669701
582781550413
587034735001
589733783269
590078524001
590285245133
590573574533
590910446881
590937182551
591590785411
593767668481
594333128033
598069611721
598156241761
598962737161
599600171611
601420958911
607125705481
607724464513
608681232811
609804934201
613855822231
613941615001
614207316241
614769423241
616139045497
617078177101
617414455927
619264952497
619795605001
621530083333
625075482151
627023384989
628359857441
629381016001
629645659471
632341775071
633097303301
638157928411
643230858463
643542293633
645158827081
648019910731
650004435557
651542562133
651965170081
653854237121
654461239321
654745295381
654862186031
655923094661
656157513257
659937299407
664908957701
665053399987
665310625561
666638002801
669079659169
669923876161
670994653897
671169222641
672164426641
675518387329
677803969921
678692751287
680709672721
684189116227
684492495481
684507797381
684942172201
685281842561
687966259501
688951933561
689348441633
691777633249
700188932521
701324486021
702398706661
702803163889
702967737781
703494225721
703980849937
705636161413
706340334251
706711337251
707379243481
708885031051
709306303681
712054581841
714770730541
715831849981
717364956001
718458627601
720492354401
723365437081
729017557537
729222489997
730624709431
733847912533
737093077951
740780118469
741157849477
744651226051
745159315471
747544013921
748104465169
748676225839
749012607641
750338038081
750692159621
750852144547
752301005713
753276464641
753405363937
753558111967
756127998419
756220537801
756526135381
759672033401
764723528713
765018870001
766355138641
768157194421
768335811937
768380317291
768549729169
768752260741
770106404761
771437179391
771492981169
771552064081
771778595521
772129151221
772727356801
773435259451
773477515981
775968986501
776957786641
779999961061
781977504001
782387064947
785507660101
785658075481
786096163861
786203639101
787630321801
788820124861
794716489181
794936296351
797013451081
797510616211
799785530911
800164998361
808340444501
810577495267
810940020833
810979447141
812906496533
816873973471
821254483681
821304912751
821739325037
822912857761
825305541451
827175444481
828815551667
830368665017
832720331521
833496571021
833505074851
833574917141
835432206337
835954090177
838198850413
840322707841
840866093491
843068762561
843234872761
844793962561
845183960011
846528819221
846598118257
853355810201
861661522177
862544257093
864645241633
867720660841
868395592321
871105070551
874853373601
877828924087
880918175591
885057493633
885117120751
885276788131
889433194411
890693001631
894722651551
895605752341
899599470401
901385893277
903632130133
903849478561
910442204101
910847069551
916821171691
916871872001
917115069751
920287272601
922382821531
922474091089
923723301577
923927551343
926545844921
926631271171
928227530407
929579894101
929684050501
933431116801
934237193581
935853723001
939494573011
940264716161
941303821321
945628127461
947271249941
947305049027
947399372641
949093499521
955887786979
956126574397
956761519951
958357297327
963163045081
964254029941
964579245211
965507554621
966207367441
968201468033
970671101041
977959163611
978966372691
980449623217
980625265357
981658819159
985222326941
988001709553
988180522561
992208567793
995477149801
995848772101
999629786233
1001595780811
1003247190971
1005111871051
1007707721833
1008826514561
1010973252241
1011385442161
1012950277633
1014374354311
1015462084033
1017002622637
1017462422201
1022172056137
1028617376161
1029126809791
1031627189881
1032172338601
1033176531421
1033960424113
1035207894001
1037408915071
1037657755681
1038566551843
1039066361651
1039853782661
1042252509871
1044852936571
1047543447961
1048672756531
1050158633921
1050379926121
1052088710401
1052112306251
1054828403333
1058427384211
1058847491521
1059006987001
1064546958511
1065493045633
1066315767457
1074525591889
1076013979801
1077844192801
1079818347631
1080081288001
1080737492017
1081361333167
1081894546561
1083902671153
1088185393501
1088227510021
1089649206727
1089756139681
1091492637397
1094787858781
1096011321571
1100091206413
1101201442241
1107432497341
1108047673111
1112228918533
1114967196721
1118252227681
1118951463169
1119385485793
1120137002407
1121135574331
1121733154901
1123013153953
1124282364481
1125555513193
1126278000191
1127681393617
1127884096081
1128651416641
1131762381751
1133658847441
1134483277201
1136609184913
1136904523177
1139191124741
1140263675011
1145039639257
1147420700917
1148590367341
1149710994433
1151346532001
1154080568033
1157909466871
1159112108717
1171338606481
1172547794221
1173013006777
1177679283661
1177870148033
1178862886241
1180070566957
1180330196501
1182139938631
1183526582041
1186785576937
1191295113581
1192676499541
1194141382201
1196575880671
1197086766751
1197597106261
1199647626581
1201203743041
1203870301921
1204166069569
1209914818381
1210432423201
1210735903681
1211310387001
1220080548151
1221655024157
1224489650581
1224579056251
1228964244551
1231217147161
1237073453201
1237293882631
1237572391217
1238797778401
1240923288151
1241827324741
1248733321057
1250910780631
1251029125501
1251965605771
1258727232533
1262738729467
1262907843121
1263229192237
1266420770161
1267775726311
1268157917071
1270199630701
1272174397651
1274472380611
1276566756481
1277725598407
1278306960211
1281898703593
1285317580321
1291871494327
1292081439041
1297472175451
1297566258211
1299551410081
1301098961977
1302052908817
1303027526533
1303217945251
1303541633633
1304942100821
1305400906681
1309798117633
1312824205441
1313211265321
1314049881511
1315449162721
1319794988221
1326100892353
1326341589637
1329267570751
1331670441553
1333390402987
1334063001601
1335082419457
1336403647489
1339461368911
1343785851271
1344009466801
1344784772161
1348852749493
1354319266561
1354825074151
1359687821881
1359783222533
1360510426133
1360890385141
1361252475001
1364450463601
1364982955201
1365280373071
1367629380001
1369978422121
1372145824369
1373048755541
1375152192961
1377273501781
1378234124191
1379868529261
1380916776331
1388113719301
1393517460961
1394515073617
1400413538593
1402647517351
1403965189441
1406206743061
1406368262881
1408381528681
1410506014033
1411318881001
1412368540291
1413420993181
1416683755147
1419061122301
1419580879201
1424185476001
1428116977489
1429567563847
1431948527549
1436877272093
1443794179873
1444635316441
1445182053727
1445835332741
1449899982829
1450013399137
1450427975021
1452393993961
1452526324831
1454931105127
1462432372831
1463386670371
1469536430671
1471389128021
1473602500801
1475524066591
1477101618721
1479080704501
1487907004501
1488792534481
1491603283811
1494599260001
1497904382081
1501509358441
1502316889921
1517171677061
1517176653037
1517636551489
1519775638081
1520920289281
1522740758533
1524574915471
1528964994517
1529368156801
1531111165891
1533696024961
1536596092081
1541151549761
1541364340609
1544851791601
1546234103611
1548436489601
1549167943201
1549246987681
1551602083333
1554423588607
1560134656417
1560193115491
1569427798801
1570413118501
1573150404871
1577232853571
1581249245311
1583025106513
1583195092081
1584330459769
1585580132629
1587322124197
1587550840021
1587837210031
1588299318451
1589388328949
1590235122547
1591294996171
1592132300107
1592472641761
1595365073191
1596081648001
1596732525701
1596758661361
1597168113181
1599578010643
1600656998533
1601958501001
1602963118241
1605993108301
1606447363333
1611266502511
1614173426251
1616341400833
1617843418201
1620581523601
1620735869101
1622328760781
1625299254097
1630170613261
1635556497121
1636671396961
1638632007041
1639299352681
1639319152801
1641802887001
1643344685141
1643477909921
1643947728307
1646184584887
1651444114321
1656022455121
1658847997841
1658859565651
1661480041453
1662182677121
1668309584761
1672696404361
1674935475221
1676036784841
1678799632501
1679395847887
1679727296521
1680725523329
1681729940833
1683317450521
1687368002581
1689614618771
1691086904033
1693947152047
1695330241921
1696986327151
1697227425001
1698044517457
1699801985701
1712225828189
1714342260001
1714547361871
1721578622401
1724741231621
1726060805281
1726242855041
1731290053711
1733228201701
1735240510081
1736695017487
1736962905601
1736964258881
1741513146251
1744478009633
1745587200001
1753564014721
1754104769731
1755228268421
1756991046533
1757207405713
1758490377841
1758886731649
1759552506601
1765496034481
1766473406419
1768519066051
1775919020927
1777184760913
1777331700271
1785525450913
1785685723561
1789784317441
1790910339181
1791210835501
1792636095421
1792777549561
1794585783689
1795348632247
1800275136997
1805838947461
1816797107611
1818254164609
1827221153561
1832619706921
1834868500081
1834987893997
1839317112341
1845406100077
1846786456321
1850219852209
1852443368881
1853304453001
1853534415041
1854179812801
1855113916657
1855203158161
1858903385041
1860339660643
1862954729191
1867126426831
1869775239307
1870647184441
1872189401633
1872961403041
1873696744921
1875251417131
1884210736591
1888636047481
1895929096321
1896527928829
1897196711521
1897270868501
1900993614607
1902736773307
1912501522441
1914573096547
1914659718533
1916021263381
1916099828371
1918867608571
1927875556237
1928729506861
1931869285711
1932481573837
1933514899541
1935225781217
1937461387681
1941332959147
1942565862721
1942948163333
1946678136481
1950033338401
1951304174569
1954147292501
1956284527231
1957677038689
1959828516073
1964957853601
1966266456391
1966998805633
1967263383401
1968871325149
1971226131601
1974509489633
1977944145211
1978347097441
1979946234001
1983017569541
1983795955021
1986545703691
1987382961721
1990732513621
1991726056867
1993081121107
1996451070661
1998883155961
2000416817521
2007289630261
2010650796001
2015899235081
2016317496013
2018908387981
2022188518351
2023532099821
2025280155361
2027537139781
2027890255561
2032010065711
2032856849341
2035248190951
2035761446701
2044485349201
2046333223213
2046942963649
2049959998801
2060656050151
2063253925531
2064433768741
2066994834031
2068703092891
2069052158317
2073075148171
2073511603333
2076656054771
2080248224341
2080995698413
2081900246533
2087357054977
2090361218221
2095267040833
2097855218401
2103312689227
2103420125647
2106286928677
2106955943371
2109900900277
2115039726101
2117245173121
2120006400961
2120157879841
2126824640533
2127495367681
2131661321371
2133148223251
2135492444801
2137042953343
2138909906251
2145683524141
2147425542901
2150533715851
2152400632201
2162399970641
2167739899471
2168554128133
2169047139841
2169217340033
2180272407841
2180542812527
2186724679921
2189030170771
2194557542731
2195424005713
2201880043189
2209507589701
2209731125761
2210101000771
2210120360449
2210410904641
2210843545633
2216091699781
2216492360321
2216826932251
2222678442601
2224638075221
2229390549271
2230522508281
2231415794611
2237630988421
2238454775201
2240678318581
2245400299777
2250505421141
2253066043801
2253593183407
2254321441633
2256203542321
2257558086547
2258183176987
2258819355997
2259525581633
2262717158701
2263168678681
2267497636951
2275197811801
2284508534351
2287174970471
2292308794387
2297782005481
2307790137451
2319695475749
2321667591721
2324645578531
2329534454101
2331256417447
2335096836487
2345937171847
2348563571461
2348901327961
2349551605411
2349638150641
2349883048801
2351919034141
2352185530241
2356712225641
2359530849701
2361119561921
2361138004919
2361868732987
2362427366413
2364591806641
2366633255281
2370046474577
2372572352977
2384433966001
2384940840833
2391619002391
2392093704631
2395820003671
2400813480691
2401595868673
2403057100033
2406075388291
2407831041817
2408607721873
2411349524021
2411527639841
2413626076181
2420330836951
2424207456133
2425556033633
2426026097881
2427445406179
2432471326291
2433319293421
2441315696899
2444661240451
2445400360873
2448105600533
2454223448251
2455207942349
2457135409387
2457434133001
2465534969633
2475805362031
2483830372297
2484150762241
2486478786877
2489710212991
2492518037111
2493326492821
2493594469801
2495660482441
2497107424261
2499717775441
2503930420351
2505489752641
2505857415949
2506687716583
2511328762447
2511447257971
2522542136401
2523507041921
2524936956541
2526530576851
2527900279301
2536940982661
2547161010161
2552461516543
2555672033857
2557357667593
2559547019611
2563794204817
2565191776033
2569718013409
2570962281361
2571235046551
2571468992641
2572353920533
2572959979801
2573004157921
2575590876631
2576196026041
2582077833721
2585293221281
2587297530091
2588949382951
2589090070141
2590018633441
2593460991421
2599180486057
2599393040161
2600775626401
2601319416049
2606549706601
2612221218461
2618760876481
2621961835741
2623598485201
2624905699417
2627926062301
2633326295041
2637235157131
2639085723181
2640507223213
2643735912533
2643932142097
2649986234281
2656869643213
2657801509441
2664704623261
2664848636173
2670770736817
2677926873187
2679657151621
2686145211961
2689525380517
2692084950557
2697891108151
2701420787521
2702676489211
2704027913861
2710057893661
2710426340737
2714119841441
2717763105331
2718512659801
2721319102693
2735253761633
2737141576271
2739572924617
2741823296021
2747241912421
2748950640451
2752683322201
2755551338401
2773324425229
2776289672161
2785712046547
2788413965539
2791143817801
2792057005351
2794813816033
2794840963201
2795353729741
2797514820271
2804899552033
2811393688321
2813120661121
2822851073201
2823404409451
2823937855681
2824077568033
2825218681601
2828151312001
2828682907669
2830395057661
2835015435841
2840247602641
2845783158373
2848146489847
2853176416201
2860951391713
2864210932771
2865994833941
2866593040481
2866663549729
2867279432681
2868751305781
2871409075921
2874270883969
2875829111191
2879534240833
2882003656033
2882709253261
2903824743751
2904535635301
2904629116357
2905515888133
2906189069761
2906484168011
2907628090081
2914442556481
2915627921137
2920174736221
2928258114581
2928460823713
2929897876051
2931116022721
2933786018869
2934547466131
2934600992401
2936515968361
2938473425161
2939055271921
2944882945369
2951129732167
2954880260641
2955872999857
2957792248321
2963766073861
2971683818377
2972846341081
2972947761821
2975095903951
2978233773659
2980737466513
2981595190807
2983737297061
2984912124287
2988982826227
2989749712951
2995086013921
2995119136201
2996031892561
2996943221161
2997290721601
2999357244157
3001516191521
3003847918501
3005616261871
3006376602289
3007517183497
3010325525551
3016490181421
3017396333071
3023737641541
3027722795371
3037623217201
3042757776151
3045576129601
3045797211451
3047435906257
3055119889069
3055713028201
3057456500821
3058659621181
3060931512601
3062461781633
3063092276641
3069799692931
3072500805697
3076534417027
3085727915161
3092823280801
3093782106421
3095260439521
3097342510081
3104824454617
3107827406881
3115001480533
3117130597151
3117177317791
3119282694533
3122559079561
3122654190391
3127180061633
3140024042341
3142906488961
3145345431229
3155926674193
3172502426531
3175551698261
3180006419677
3182407486721
3184924083727
3187034169551
3187563456533
3188837636161
3189753223361
3192415594673
3201870752641
3204060841301
3206841407281
3210835206151
3214120408801
3215398208851
3216142350721
3216474249301
3218880567817
3224555834501
3226057632001
3227273022751
3227359253467
3229716598111
3230717073761
3230784133741
3232982668843
3239178051691
3241447906181
3244525305841
3244619005057
3246512552011
3247296493351
3249273540833
3256708506133
3261088755181
3263038399501
3263515242841
3266924125501
3267680074177
3268998697387
3270077883337
3271802732353
3273119577001
3284387747461
3305526501281
3307232640013
3309499412911
3310580052541
3320027840533
3325108588201
3330829996033
3331145721511
3333175943681
3334631509441
3337653373291
3338611879681
3340991154821
3347095110913
3358119471547
3366549308431
3373068781633
3376355386051
3379578801941
3388584756961
3395415386521
3397390848001
3406193746561
3411413603333
3414146271409
3415292014241
3419800197121
3420965597017
3426575292001
3426637123729
3428497175629
3430005600001
3434114290321
3436009370641
3442167155701
3443760741037
3446012779841
3454123636781
3457373556319
3462528658993
3465251134171
3470545300069
3478334679401
3485279176471
3486942790861
3488765087251
3489557582701
3500683748641
3503520233821
3514010517361
3516078633931
3517189861597
3525086044201
3526269001291
3541880672971
3546738349057
3547896035713
3554528518621
3556630530133
3558050679751
3563023378207
3567318709891
3570113170009
3575387908153
3575631489191
3578090914133
3580010349931
3582418994281
3583544597137
3591579230011
3595010872321
3596986098841
3609612360091
3612192207931
3617144018401
3620211160567
3626728885807
3627509457851
3628261459981
3632230870201
3633296837617
3644538928801
3646668691541
3647479913017
3653070359203
3658249496161
3663912798001
3664511640833
3668098540481
3671535973687
3674875950871
3684025157281
3685168206721
3691235025451
3691337011867
3703102360651
3703883961781
3707466610321
3710199376801
3710742430501
3716059610251
3716741537167
3718555600033
3730054109633
3770035100833
3773990524063
3774883626361
3774963332477
3776292968533
3787471682191
3789324498961
3793777944311
3802348474291
3803672267011
3805531879117
3808969741891
3811450861541
3813407958533
3814558040833
3816325079281
3829701145121
3837110659201
3837506827771
3842956272709
3844741542001
3845574021301
3852146634541
3852648016561
3867145154581
3869789852293
3872242340741
3881082574693
3882205738657
3892054185001
3898168229957
3899474645977
3899775901061
3900508985941
3900855925933
3909315490471
3915937030021
3923925182101
3928250901581
3931156214081
3940865444881
3949009673311
3951296561171
3954550840327
3957161344001
3966897422881
3968198050513
3969009260287
3972349881221
3972630546067
3974742331561
3975227474107
3980418986737
3984054232033
3984983452801
3986875222063
3992355808033
3997033646189
4001982600533
4002781494301
4005240325633
4009609142533
4010314116661
4016065656151
4018209994261
4018956959881
4020812500801
4024426176457
4035781818301
4037861046871
4042150586713
4045882888633
4046526652033
4046528598001
4051932475951
4053958354181
4068610607071
4071178335421
4071520760401
4071521884501
4072376885851
4079143580401
4081169140417
4085130156301
4085199653627
4086203837633
4090767987541
4090784729621
4092480450241
4093343298001
4098131083201
4099870042133
4106936016181
4108750283527
4113054190393
4113516906581
4115466467251
4125977141131
4134998367361
4137799149001
4143172379261
4143585976661
4143966764033
4146040246661
4148414008831
4152718812061
4160693678221
4167018582449
4173164833501
4174481160547
4176251518321
4176888646561
4179927834811
4186866836263
4186997816401
4188047676301
4192276732051
4193376911701
4193405286533
4196930971201
4210755181511
4212765060481
4218473945089
4221915886579
4222189882081
4231261224361
4231493702677
4232483109991
4234752794161
4242089777941
4246177305221
4253029484713
4260379935061
4260460020391
4261335783841
4262737192561
4263313292161
4264138831681
4271025386881
4271054628101
4274830498801
4285169689921
4285595714401
4285736211797
4286420713711
4291798177633
4293305366533
4297317598507
4299960675061
4301779253333
4304038570771
4314116970547
4321344104533
4323187787861
4337561812033
4347754234781
4347769734001
4348307135251
4349950933921
4351014312721
4351280420033
4352899199041
4360005762841
4371702986509
4377806606507
4379551024661
4384120268881
4387957662397
4396627434541
4398483539041
4400338491079
4401793871047
4404333281251
4414155520133
4414764632857
4416324841039
4419014436181
4421028663301
4424904442901
4429721059921
4430078244901
4431939669697
4433650886701
4435097386721
4436606347699
4442804552033
4447758412441
4453007009029
4457696366593
4466861543201
4474154404741
4475019265291
4476247475701
4481031117169
4483280059831
4485017418421
4488180377257
4489231495781
4494395030893
4497374551489
4503236612561
4505104202117
4512973837681
4517842150711
4518893194411
4519576505857
4522585993087
4525783922251
4529042263061
4532101547221
4536377100067
4539930083333
4545778831057
4548019231801
4551156134533
4553362471153
4556996201633
4557899581201
4565992741129
4571748231931
4573344086767
4576139371781
4577600343821
4579930635967
4583170517833
4583211600833
4586884244251
4588636724101
4589182032571
4598947216033
4612641118801
4616848303567
4619936680273
4620865360231
4623346020833
4624016410133
4626647421001
4628097068251
4633642270531
4634920931761
4641418812161
4642413775651
4652110313381
4656796756501
4656913286929
4657986759601
4679944188481
4683127095361
4700067778561
4703303096137
4708280327761
4711963417561
4718004467041
4723215929437
4723918653151
4724854122581
4726644697063
4729863624301
4732694376257
4732799927131
4739078315791
4740198346153
4741295211271
4752498776033
4752657713203
4752942417541
4753148254741
4754237433571
4754282253001
4761230299409
4761998038441
4764210011807
4765578188801
4770700323463
4771765129249
4776465140371
4776649894021
4777422165601
4777800294961
4784148046693
4784787298777
4788224710501
4789377614341
4791404329897
4794656222791
4796397477973
4799017819961
4804052102101
4806465791401
4817787094657
4818582170641
4822229440033
4827040027501
4835429032981
4843765903033
4844479071601
4849466596921
4855011712741
4862712914641
4865285829097
4869825834061
4871060673601
4877309026561
4897955631521
4902172387561
4912133598401
4916307271681
4923518396501
4928512110637
4929665178667
4936064860993
4939492724711
4941618184441
4942938652471
4944401644033
4956226327981
4959906697513
4969828693441
4971784320533
4974304301011
4979078525461
4985035446913
4994554399381
4995879651361
5007857675941
5017066755841
5021729444033
5025799194337
5030326585057
5032382883751
5036987115841
5037838476971
5039654263921
5039949896171
5054246991307
5057484867667
5059538427637
5062312216081
5069712129301
5074779926081
5086587490111
5097309994351
5097884732821
5103641529751
5105339002237
5110019863681
5110729000651
5110980012337
5113223044021
5118870032641
5121264660949
5123351816353
5127624227881
5129737425361
5134145331157
5137790962561
5148588596581
5150899279261
5168147251541
5174613665731
5180723074801
5185443701881
5186117732041
5188713812101
5197352099941
5197477745737
5198305640533
5204090908141
5209658937001
5211899213333
5213545105429
5215615078411
5219541527201
5234335713601
5235448631561
5236121856001
5238285585079
5240420903521
5244528929221
5252741656993
5253659800033
5254550540149
5260082208001
5280262588441
5289122806831
5289913750351
5299665901291
5300386977601
5307519311621
5312597116927
5322277735301
5332992005461
5344613958661
5344813409167
5345645720257
5345866320931
5346847312381
5346922056451
5351164743961
5353716772531
5353957929241
5359302184633
5361194088337
5372664245761
5384072105441
5384474011141
5385162680767
5387010248023
5391132539101
5391282096721
5391839578133
5393843672491
5394261300553
5400745711561
5405095480321
5412531856033
5413768338871
5418868224901
5419967134849
5421723220033
5426380482097
5428862599393
5430362800141
5430956017411
5432557141441
5440451900131
5445007425001
5445065046301
5445350078981
5445423585001
5451540913171
5454314930431
5457433637633
5459537900833
5470380933481
5473359679201
5478915599191
5498994145681
5512931515981
5519906816131
5533823247481
5554897147801
5563296298841
5568379754401
5576358436111
5581111195717
5581479616651
5601808237121
5608575343801
5613194987857
5619535933177
5626990634041
5642386098121
5647317540481
5680505388391
5681751796033
5694119940601
5695433913121
5702612030081
5712219716683
5716802796841
5727357511921
5727993697801
5728417720033
5732086286641
5737276455751
5738531745871
5740811200021
5754614060161
5758566089251
5758672809781
5763357097651
5766820621381
5772411164521
5778355110533
5794770524311
5795197606801
5804591441023
5813986915171
5816323356481
5819921796781
5822787995641
5824896886381
5838716717633
5850525030533
5852502622741
5860072475291
5887669902481
5890552733341
5893503744133
5910503458133
5911293155041
5915049657193
5925525547327
5929889376133
5935711340833
5940304477381
5943995053921
5944304590093
5956135718401
5962231235971
5962376915041
5972277625861
5974461764281
5978090825881
5979709749553
5982117513601
5984213695111
5988629030617
5996754015121
5997563002081
6009873325633
6010192541809
6018512160961
6018693319621
6024498287809
6024967051951
6031241827861
6032569046533
6039598932641
6040311862763
6044046065569
6047033461801
6047089612411
6055341638081
6058069728961
6063245440357
6070281490381
6094942217101
6105790938133
6110044892281
6111292927321
6111751219939
6124725253081
6142377558241
6148290409771
6149804875201
6154599411073
6154974464311
6157109848411
6162452882461
6163867710001
6164903046457
6166302225553
6166630440833
6167525112481
6169135851841
6178168434241
6180552331801
6186427978501
6209378445911
6219095156821
6229113966631
6231939316417
6232099086097
6234343752001
6243432272641
6253182992561
6261965760241
6268141928791
6273241518151
6280682136301
6305160931651
6313771304647
6316226216021
6318377948431
6319713403081
6323547512449
6330821577611
6346120833361
6346421548741
6346979435941
6349771386901
6354689147731
6360005858221
6361551471881
6362400187267
6371875222721
6372455355001
6376038181633
6379543861201
6379653852937
6387502906639
6393088058297
6406111778681
6409548654101
6411929112361
6422183813141
6423360217633
6428056668001
6431707546513
6432265755781
6439137267931
6442304195611
6445537243213
6452171342191
6468696351937
6476549859361
6482825987041
6489981576001
6496175395921
6504322102627
6512386003201
6514091143321
6515752342661
6527808594469
6529346991721
6554026599121
6567827233117
6571205920001
6573008083321
6576264284761
6579518695777
6580319962133
6585406596541
6597606223981
6600433985731
6603976648369
6605157813671
6608091537601
6615533841841
6619285689607
6624004683871
6628037112913
6629069865601
6631230997177
6632961572161
6636239994511
6637740001201
6637835168551
6680901746821
6690807590321
6691635307237
6692976942101
6693353347361
6694052413781
6707910902941
6710147351077
6714389099329
6718243866571
6720356341801
6720494553401
6722032838821
6735629956681
6741198070741
6744862014497
6747407569717
6747617968093
6748629160591
6750654015841
6752156604481
6752634256961
6753036766981
6754582128421
6759729503521
6759898687081
6767071434001
6772042803241
6772898426491
6788490715781
6790092872837
6793306624807
6794778009601
6796434661507
6797206354597
6798783825941
6803185604221
6814699157701
6821171463037
6823072940251
6829123420991
6836954249221
6840666780841
6845430885481
6845967584191
6846468229921
6852106041761
6854747385727
6854894003317
6861930544153
6864407286661
6864518572309
6887428261741
6893130790267
6904377606817
6909572098133
6913615646981
6920544845341
6920609060071
6924385995521
6937967088361
6938504003201
6942716355121
6944928591313
6947581023631
6949156333687
6970622949361
6974042507701
6982006043041
6986098908301
6994903372801
7005513328133
7005788393633
7007115904993
7010923940833
7034663570821
7039625866261
7044380842687
7047886907881
7055388149633
7064141372947
7065765747661
7080530166533
7083793615361
7088514961921
7102176405193
7127341121633
7130276571601
7131872904751
7137424099027
7142952649897
7161474063151
7171096283521
7171253051401
7175030163841
7179901337281
7180085019421
7185012938017
7185623148481
7189373308157
7204752886813
7205494675177
7211458112717
7216173774839
7220286178561
7221609506677
7224250443229
7238135685461
7240648159447
7241164810951
7242112053247
7242290878591
7260799175281
7266682192901
7266714851941
7272529021633
7279873576981
7281464021371
7316134310341
7323871603357
7324501121101
7325884390771
7335112206853
7347023529121
7355208101051
7356229161481
7357848321601
7361060037211
7363934945621
7364629807063
7366435660033
7367851098301
7369090487329
7377184011511
7377425553401
7384318076521
7384906809001
7388179124569
7391710670581
7391785003579
7401641492851
7410559214101
7414180378753
7419851432029
7436657590561
7437848726401
7443361671517
7445850830881
7449133357513
7466679835141
7468499910061
7476744555193
7479733548001
7480127229461
7486097201441
7489994854663
7494041038177
7497049672531
7499140817941
7500169213633
7508702890501
7522138056581
7522162663051
7524024554971
7528660661299
7537136786411
7537968441901
7538229057061
7539154143841
7539471710413
7541205273751
7553379743911
7555506454729
7561237119521
7565924383841
7583493076921
7588695396641
7608468518197
7622511369509
7630134296401
7636477810721
7660655704153
7664094052921
7665967553401
7675878952981
7679135151187
7681010835961
7690089711701
7692645200833
7698809628541
7700757678001
7714440772741
7725481537621
7738970721301
7746226314961
7751951415361
7755839910781
7756504198759
7759753499521
7764373690721
7791273346867
7796117597941
7799281049251
7801191146251
7806391771951
7820187171301
7828455602521
7830848072407
7834049729437
7836401013127
7845796335691
7852452666211
7863590138041
7864981377553
7866116379073
7881733023881
7882678490401
7885672455701
7891451765633
7891734792061
7893680454001
7894595497141
7907235015343
7908668170651
7913441412451
7934644626709
7938839182177
7951173090643
7960295386891
7964232888457
7966760598721
7972512651721
7991688160081
7993745450701
7993936760041
7996252766741
7999126023871
8005847067991
8010560830981
8023129803121
8029152510121
8034614785891
8045898002551
8068606383601
8076038955487
8094410850401
8095266942193
8099102797633
8104102480711
8109615325061
8117569182067
8120090503717
8125734307549
8126062208951
8130854071957
8135140184641
8138503548457
8143039733401
8144194101121
8147007185833
8155635677281
8159756070313
8160004120661
8162742270817
8164002374533
8165793461017
8170909188751
8178578488081
8182787780527
8183769399721
8191138647121
8202594725161
8202823097327
8203461364801
8213660912071
8229334931407
8238987322151
8246415361477
8249852614697
8256551018581
8259764486401
8269437220201
8278364281441
8281215078533
8281478585381
8291470341289
8292070604161
8292184256533
8306649451801
8307313675781
8310209397121
8316842534461
8325171046237
8327224386343
8333344148677
8345758232281
8347412321747
8349167519551
8353031450401
8361817632481
8369474577553
8371978032133
8378392204297
8391245529961
8400289254787
8404924150171
8407899394133
8412338873831
8433260528057
8436172133761
8445069793441
8450887780609
8460011126533
8462403576901
8464102363361
8471925626977
8482582936001
8498168921791
8500090628437
8514007314751
8521614333751
8528603282317
8533032741661
8539143257851
8544361005001
8549455824997
8559501553681
8559844832701
8563852542241
8575276183627
8597322132049
8602370401633
8607095893117
8608105909681
8610193183201
8610965894101
8611008688133
8611517512501
8622593248837
8626649075713
8633165005081
8635427489521
8643058961633
8648210715769
8650637622401
8661333552761
8671657706713
8681180908849
8690135070001
8698933077121
8708977523861
8711227741231
8723047241533
8735573220193
8739703808641
8742105935377
8746324801831
8753147890201
8758798599241
8768531564801
8776039544641
8783001182971
8792378127361
8801126080129
8810001461381
8815329650689
8824647933601
8825551173181
8842806444137
8850272230801
8864332928533
8865779657101
8867340723187
8873005698901
8880084280621
8881833559061
8889317496931
8889442449751
8902845627317
8904005532577
8905669532719
8918831339701
8923259766101
8936017621147
8944540882561
8946053441893
8948366324041
8949248363791
8959150849501
8976319677781
8977007377801
8978717988631
8986202846741
8986908995461
8988537818401
8988551899993
8991437314133
9002888676181
9014859031921
9020464596991
9022330153201
9024124828181
9032419967761
9037774745521
9040042636801
9046844297107
9047566182847
9049901182093
9050561687611
9065468628401
9066444409601
9075043669753
9083010326041
9088061866201
9092309847941
9099640360891
9104440763881
9109625682601
9111036378881
9115260843781
9115325306081
9128261243251
9138643970023
9145708681201
9151650113101
9152931707851
9163826320351
9197354963971
9204739454461
9221771704321
9245368838021
9253866574891
9256585275001
9259324288201
9263413010881
9263761239949
9265006341361
9266395119031
9273435327071
9275059585793
9275473333729
9283339101877
9299566671361
9321100414291
9324489803191
9330332861701
9331465681891
9341221836451
9343123278343
9345539035201
9363784632863
9368308901071
9370373056021
9374213363341
9377479072001
9381193111369
9396471029411
9413613456001
9418385743201
9420063445981
9422294002993
9441869836001
9446016529687
9454052665009
9477885970561
9481102928641
9482019939547
9494700900833
9497486751481
9500584320001
9504108952561
9508945488901
9509603146651
9511029821017
9522652458047
9527842687609
9528467777929
9543437177633
9546146403457
9554358493301
9563471234401
9564107568571
9582603823321
9582845649301
9587739488671
9601406778151
9604107059221
9614791458721
9618767740891
9639372224161
9640374701987
9647175938401
9648445138201
9650325164257
9660392539111
9665389939687
9667087350601
9675342446701
9678606310801
9683086846051
9694708182811
9697093472821
9708260346881
9710302277521
9714629542021
9714888672133
9717328983521
9723701152261
9731387873047
9732472941241
9739694766341
9744441494131
9751109588641
9754612210081
9758676887233
9762670728533
9764564947201
9767448025861
9768255996541
9781315824001
9812211888943
9816621288211
9817385723701
9821922594881
9837822905633
9852278378671
9853804396801
9855199280641
9855258577057
9859282618901
9870170829121
9872551433473
9877848583681
9880569712133
9900364055401
9903214772461
9904034898577
9923519182501
9924090391909
9930425400721
9930612719809
9931807215091
9944856397327
9945355272533
9945717490171
9962583364441
9974763593797
9976025416501
9984556422001
9991729650241
9997967718721
